# Created by Physics and Images Processing Group 
# name: Abs
# type: matrix
# rows: 500
# columns: 1
 2.4214097262904486e-06
 7.2396212885728515e+00
 1.4479240155735978e+01
 2.1718859022899103e+01
 2.8958477890062227e+01
 3.6198096757225350e+01
 4.3437715624388481e+01
 5.0677334491551605e+01
 5.7916953358714728e+01
 6.5156572225877866e+01
 7.2396191093040983e+01
 7.9635809960204114e+01
 8.6875428827367244e+01
 9.4115047694530361e+01
 1.0135466656169349e+02
 1.0859428542885661e+02
 1.1583390429601974e+02
 1.2307352316318287e+02
 1.3031314203034600e+02
 1.3755276089750910e+02
 1.4479237976467223e+02
 1.5203199863183536e+02
 1.5927161749899849e+02
 1.6651123636616163e+02
 1.7375085523332476e+02
 1.8099047410048786e+02
 1.8823009296765099e+02
 1.9546971183481412e+02
 2.0270933070197725e+02
 2.0994894956914038e+02
 2.1718856843630348e+02
 2.2442818730346661e+02
 2.3166780617062975e+02
 2.3890742503779288e+02
 2.4614704390495601e+02
 2.5338666277211911e+02
 2.6062628163928224e+02
 2.6786590050644537e+02
 2.7510551937360844e+02
 2.8234513824077158e+02
 2.8958475710793471e+02
 2.9682437597509784e+02
 3.0406399484226097e+02
 3.1130361370942410e+02
 3.1854323257658723e+02
 3.2578285144375036e+02
 3.3302247031091349e+02
 3.4026208917807662e+02
 3.4750170804523975e+02
 3.5474132691240283e+02
 3.6198094577956596e+02
 3.6922056464672909e+02
 3.7646018351389222e+02
 3.8369980238105535e+02
 3.9093942124821848e+02
 3.9817904011538161e+02
 4.0541865898254474e+02
 4.1265827784970787e+02
 4.1989789671687100e+02
 4.2713751558403408e+02
 4.3437713445119721e+02
 4.4161675331836034e+02
 4.4885637218552347e+02
 4.5609599105268660e+02
 4.6333560991984973e+02
 4.7057522878701286e+02
 4.7781484765417599e+02
 4.8505446652133912e+02
 4.9229408538850225e+02
 4.9953370425566538e+02
 5.0677332312282846e+02
 5.1401294198999165e+02
 5.2125256085715478e+02
 5.2849217972431791e+02
 5.3573179859148104e+02
 5.4297141745864405e+02
 5.5021103632580719e+02
 5.5745065519297032e+02
 5.6469027406013345e+02
 5.7192989292729658e+02
 5.7916951179445971e+02
 5.8640913066162284e+02
 5.9364874952878597e+02
 6.0088836839594910e+02
 6.0812798726311223e+02
 6.1536760613027536e+02
 6.2260722499743849e+02
 6.2984684386460162e+02
 6.3708646273176475e+02
 6.4432608159892789e+02
 6.5156570046609102e+02
 6.5880531933325415e+02
 6.6604493820041728e+02
 6.7328455706758041e+02
 6.8052417593474354e+02
 6.8776379480190667e+02
 6.9500341366906980e+02
 7.0224303253623282e+02
 7.0948265140339595e+02
 7.1672227027055908e+02
 7.2396188913772221e+02
 7.3120150800488534e+02
 7.3844112687204847e+02
 7.4568074573921160e+02
 7.5292036460637473e+02
 7.6015998347353786e+02
 7.6739960234070099e+02
 7.7463922120786413e+02
 7.8187884007502726e+02
 7.8911845894219039e+02
 7.9635807780935352e+02
 8.0359769667651665e+02
 8.1083731554367978e+02
 8.1807693441084291e+02
 8.2531655327800604e+02
 8.3255617214516917e+02
 8.3979579101233230e+02
 8.4703540987949543e+02
 8.5427502874665845e+02
 8.6151464761382158e+02
 8.6875426648098471e+02
 8.7599388534814784e+02
 8.8323350421531097e+02
 8.9047312308247410e+02
 8.9771274194963723e+02
 9.0495236081680036e+02
 9.1219197968396350e+02
 9.1943159855112663e+02
 9.2667121741828976e+02
 9.3391083628545289e+02
 9.4115045515261602e+02
 9.4839007401977915e+02
 9.5562969288694228e+02
 9.6286931175410541e+02
 9.7010893062126854e+02
 9.7734854948843167e+02
 9.8458816835559480e+02
 9.9182778722275793e+02
 9.9906740608992106e+02
 1.0063070249570841e+03
 1.0135466438242472e+03
 1.0207862626914103e+03
 1.0280258815585737e+03
 1.0352655004257367e+03
 1.0425051192929000e+03
 1.0497447381600630e+03
 1.0569843570272262e+03
 1.0642239758943892e+03
 1.0714635947615525e+03
 1.0787032136287155e+03
 1.0859428324958785e+03
 1.0931824513630418e+03
 1.1004220702302048e+03
 1.1076616890973680e+03
 1.1149013079645310e+03
 1.1221409268316943e+03
 1.1293805456988573e+03
 1.1366201645660205e+03
 1.1438597834331836e+03
 1.1510994023003468e+03
 1.1583390211675098e+03
 1.1655786400346731e+03
 1.1728182589018361e+03
 1.1800578777689993e+03
 1.1872974966361624e+03
 1.1945371155033256e+03
 1.2017767343704886e+03
 1.2090163532376519e+03
 1.2162559721048149e+03
 1.2234955909719781e+03
 1.2307352098391411e+03
 1.2379748287063042e+03
 1.2452144475734674e+03
 1.2524540664406304e+03
 1.2596936853077937e+03
 1.2669333041749567e+03
 1.2741729230421199e+03
 1.2814125419092829e+03
 1.2886521607764462e+03
 1.2958917796436092e+03
 1.3031313985107724e+03
 1.3103710173779355e+03
 1.3176106362450987e+03
 1.3248502551122617e+03
 1.3320898739794250e+03
 1.3393294928465880e+03
 1.3465691117137512e+03
 1.3538087305809142e+03
 1.3610483494480775e+03
 1.3682879683152405e+03
 1.3755275871824037e+03
 1.3827672060495668e+03
 1.3900068249167300e+03
 1.3972464437838930e+03
 1.4044860626510560e+03
 1.4117256815182193e+03
 1.4189653003853823e+03
 1.4262049192525456e+03
 1.4334445381197086e+03
 1.4406841569868718e+03
 1.4479237758540348e+03
 1.4551633947211981e+03
 1.4624030135883611e+03
 1.4696426324555243e+03
 1.4768822513226874e+03
 1.4841218701898506e+03
 1.4913614890570136e+03
 1.4986011079241769e+03
 1.5058407267913399e+03
 1.5130803456585031e+03
 1.5203199645256661e+03
 1.5275595833928294e+03
 1.5347992022599924e+03
 1.5420388211271556e+03
 1.5492784399943187e+03
 1.5565180588614817e+03
 1.5637576777286449e+03
 1.5709972965958079e+03
 1.5782369154629712e+03
 1.5854765343301342e+03
 1.5927161531972974e+03
 1.5999557720644605e+03
 1.6071953909316237e+03
 1.6144350097987867e+03
 1.6216746286659500e+03
 1.6289142475331130e+03
 1.6361538664002762e+03
 1.6433934852674392e+03
 1.6506331041346025e+03
 1.6578727230017655e+03
 1.6651123418689288e+03
 1.6723519607360918e+03
 1.6795915796032550e+03
 1.6868311984704180e+03
 1.6940708173375813e+03
 1.7013104362047443e+03
 1.7085500550719073e+03
 1.7157896739390706e+03
 1.7230292928062336e+03
 1.7302689116733968e+03
 1.7375085305405598e+03
 1.7447481494077231e+03
 1.7519877682748861e+03
 1.7592273871420493e+03
 1.7664670060092124e+03
 1.7737066248763756e+03
 1.7809462437435386e+03
 1.7881858626107019e+03
 1.7954254814778649e+03
 1.8026651003450281e+03
 1.8099047192121911e+03
 1.8171443380793544e+03
 1.8243839569465174e+03
 1.8316235758136806e+03
 1.8388631946808437e+03
 1.8461028135480069e+03
 1.8533424324151699e+03
 1.8605820512823329e+03
 1.8678216701494962e+03
 1.8750612890166592e+03
 1.8823009078838224e+03
 1.8895405267509855e+03
 1.8967801456181487e+03
 1.9040197644853117e+03
 1.9112593833524750e+03
 1.9184990022196380e+03
 1.9257386210868012e+03
 1.9329782399539642e+03
 1.9402178588211275e+03
 1.9474574776882905e+03
 1.9546970965554538e+03
 1.9619367154226168e+03
 1.9691763342897800e+03
 1.9764159531569430e+03
 1.9836555720241063e+03
 1.9908951908912693e+03
 1.9981348097584325e+03
 2.0053744286255956e+03
 2.0126140474927586e+03
 2.0198536663599218e+03
 2.0270932852270848e+03
 2.0343329040942481e+03
 2.0415725229614111e+03
 2.0488121418285741e+03
 2.0560517606957374e+03
 2.0632913795629001e+03
 2.0705309984300634e+03
 2.0777706172972266e+03
 2.0850102361643899e+03
 2.0922498550315527e+03
 2.0994894738987159e+03
 2.1067290927658792e+03
 2.1139687116330424e+03
 2.1212083305002052e+03
 2.1284479493673684e+03
 2.1356875682345317e+03
 2.1429271871016949e+03
 2.1501668059688577e+03
 2.1574064248360210e+03
 2.1646460437031842e+03
 2.1718856625703470e+03
 2.1791252814375102e+03
 2.1863649003046735e+03
 2.1936045191718367e+03
 2.2008441380389995e+03
 2.2080837569061628e+03
 2.2153233757733260e+03
 2.2225629946404893e+03
 2.2298026135076520e+03
 2.2370422323748153e+03
 2.2442818512419785e+03
 2.2515214701091418e+03
 2.2587610889763046e+03
 2.2660007078434678e+03
 2.2732403267106311e+03
 2.2804799455777943e+03
 2.2877195644449571e+03
 2.2949591833121203e+03
 2.3021988021792836e+03
 2.3094384210464468e+03
 2.3166780399136096e+03
 2.3239176587807729e+03
 2.3311572776479361e+03
 2.3383968965150989e+03
 2.3456365153822621e+03
 2.3528761342494254e+03
 2.3601157531165886e+03
 2.3673553719837514e+03
 2.3745949908509147e+03
 2.3818346097180779e+03
 2.3890742285852411e+03
 2.3963138474524039e+03
 2.4035534663195672e+03
 2.4107930851867304e+03
 2.4180327040538937e+03
 2.4252723229210565e+03
 2.4325119417882197e+03
 2.4397515606553829e+03
 2.4469911795225462e+03
 2.4542307983897090e+03
 2.4614704172568722e+03
 2.4687100361240355e+03
 2.4759496549911983e+03
 2.4831892738583615e+03
 2.4904288927255247e+03
 2.4976685115926880e+03
 2.5049081304598508e+03
 2.5121477493270140e+03
 2.5193873681941773e+03
 2.5266269870613405e+03
 2.5338666059285033e+03
 2.5411062247956665e+03
 2.5483458436628298e+03
 2.5555854625299930e+03
 2.5628250813971558e+03
 2.5700647002643191e+03
 2.5773043191314823e+03
 2.5845439379986456e+03
 2.5917835568658084e+03
 2.5990231757329716e+03
 2.6062627946001348e+03
 2.6135024134672981e+03
 2.6207420323344609e+03
 2.6279816512016241e+03
 2.6352212700687874e+03
 2.6424608889359502e+03
 2.6497005078031134e+03
 2.6569401266702766e+03
 2.6641797455374399e+03
 2.6714193644046027e+03
 2.6786589832717659e+03
 2.6858986021389292e+03
 2.6931382210060924e+03
 2.7003778398732552e+03
 2.7076174587404184e+03
 2.7148570776075817e+03
 2.7220966964747449e+03
 2.7293363153419077e+03
 2.7365759342090710e+03
 2.7438155530762342e+03
 2.7510551719433975e+03
 2.7582947908105602e+03
 2.7655344096777235e+03
 2.7727740285448867e+03
 2.7800136474120500e+03
 2.7872532662792128e+03
 2.7944928851463760e+03
 2.8017325040135393e+03
 2.8089721228807020e+03
 2.8162117417478653e+03
 2.8234513606150285e+03
 2.8306909794821918e+03
 2.8379305983493546e+03
 2.8451702172165178e+03
 2.8524098360836811e+03
 2.8596494549508443e+03
 2.8668890738180071e+03
 2.8741286926851703e+03
 2.8813683115523336e+03
 2.8886079304194968e+03
 2.8958475492866596e+03
 2.9030871681538229e+03
 2.9103267870209861e+03
 2.9175664058881493e+03
 2.9248060247553121e+03
 2.9320456436224754e+03
 2.9392852624896386e+03
 2.9465248813568014e+03
 2.9537645002239647e+03
 2.9610041190911279e+03
 2.9682437379582911e+03
 2.9754833568254539e+03
 2.9827229756926172e+03
 2.9899625945597804e+03
 2.9972022134269437e+03
 3.0044418322941065e+03
 3.0116814511612697e+03
 3.0189210700284330e+03
 3.0261606888955962e+03
 3.0334003077627590e+03
 3.0406399266299222e+03
 3.0478795454970855e+03
 3.0551191643642487e+03
 3.0623587832314115e+03
 3.0695984020985748e+03
 3.0768380209657380e+03
 3.0840776398329012e+03
 3.0913172587000640e+03
 3.0985568775672273e+03
 3.1057964964343905e+03
 3.1130361153015533e+03
 3.1202757341687166e+03
 3.1275153530358798e+03
 3.1347549719030430e+03
 3.1419945907702058e+03
 3.1492342096373691e+03
 3.1564738285045323e+03
 3.1637134473716956e+03
 3.1709530662388584e+03
 3.1781926851060216e+03
 3.1854323039731848e+03
 3.1926719228403481e+03
 3.1999115417075109e+03
 3.2071511605746741e+03
 3.2143907794418374e+03
 3.2216303983090006e+03
 3.2288700171761634e+03
 3.2361096360433266e+03
 3.2433492549104899e+03
 3.2505888737776527e+03
 3.2578284926448159e+03
 3.2650681115119792e+03
 3.2723077303791424e+03
 3.2795473492463052e+03
 3.2867869681134684e+03
 3.2940265869806317e+03
 3.3012662058477949e+03
 3.3085058247149577e+03
 3.3157454435821210e+03
 3.3229850624492842e+03
 3.3302246813164475e+03
 3.3374643001836102e+03
 3.3447039190507735e+03
 3.3519435379179367e+03
 3.3591831567851000e+03
 3.3664227756522628e+03
 3.3736623945194260e+03
 3.3809020133865893e+03
 3.3881416322537525e+03
 3.3953812511209153e+03
 3.4026208699880785e+03
 3.4098604888552418e+03
 3.4171001077224046e+03
 3.4243397265895678e+03
 3.4315793454567311e+03
 3.4388189643238943e+03
 3.4460585831910571e+03
 3.4532982020582203e+03
 3.4605378209253836e+03
 3.4677774397925468e+03
 3.4750170586597096e+03
 3.4822566775268729e+03
 3.4894962963940361e+03
 3.4967359152611994e+03
 3.5039755341283621e+03
 3.5112151529955254e+03
 3.5184547718626886e+03
 3.5256943907298519e+03
 3.5329340095970147e+03
 3.5401736284641779e+03
 3.5474132473313412e+03
 3.5546528661985039e+03
 3.5618924850656672e+03
 3.5691321039328304e+03
 3.5763717227999937e+03
 3.5836113416671565e+03
 3.5908509605343197e+03
 3.5980905794014830e+03
 3.6053301982686462e+03
 3.6125698171358090e+03
# name: Hist_H0
# type: matrix
# rows: 500
# columns: 1
 1.1800000000000000e+03
 4.9600000000000000e+02
 3.2100000000000000e+02
 2.6900000000000000e+02
 2.4100000000000000e+02
 2.1100000000000000e+02
 1.6500000000000000e+02
 1.7200000000000000e+02
 1.3200000000000000e+02
 1.2800000000000000e+02
 1.0300000000000000e+02
 1.0100000000000000e+02
 1.0100000000000000e+02
 9.4000000000000000e+01
 8.6000000000000000e+01
 7.8000000000000000e+01
 6.7000000000000000e+01
 7.0000000000000000e+01
 4.4000000000000000e+01
 5.5000000000000000e+01
 4.2000000000000000e+01
 3.8000000000000000e+01
 4.4000000000000000e+01
 4.9000000000000000e+01
 4.4000000000000000e+01
 3.3000000000000000e+01
 3.5000000000000000e+01
 3.8000000000000000e+01
 3.5000000000000000e+01
 3.0000000000000000e+01
 2.7000000000000000e+01
 2.8000000000000000e+01
 2.6000000000000000e+01
 2.3000000000000000e+01
 1.4000000000000000e+01
 2.1000000000000000e+01
 1.6000000000000000e+01
 2.1000000000000000e+01
 1.1000000000000000e+01
 1.1000000000000000e+01
 1.7000000000000000e+01
 8.0000000000000000e+00
 1.2000000000000000e+01
 1.8000000000000000e+01
 9.0000000000000000e+00
 1.2000000000000000e+01
 1.2000000000000000e+01
 1.1000000000000000e+01
 1.0000000000000000e+01
 4.0000000000000000e+00
 1.1000000000000000e+01
 1.2000000000000000e+01
 1.0000000000000000e+01
 7.0000000000000000e+00
 5.0000000000000000e+00
 3.0000000000000000e+00
 5.0000000000000000e+00
 1.0000000000000000e+01
 7.0000000000000000e+00
 8.0000000000000000e+00
 1.1000000000000000e+01
 5.0000000000000000e+00
 3.0000000000000000e+00
 5.0000000000000000e+00
 3.0000000000000000e+00
 1.0000000000000000e+00
 6.0000000000000000e+00
 7.0000000000000000e+00
 2.0000000000000000e+00
 7.0000000000000000e+00
 5.0000000000000000e+00
 4.0000000000000000e+00
 3.0000000000000000e+00
 1.0000000000000000e+00
 3.0000000000000000e+00
 0.0000000000000000e+00
 2.0000000000000000e+00
 1.0000000000000000e+00
 2.0000000000000000e+00
 3.0000000000000000e+00
 2.0000000000000000e+00
 1.0000000000000000e+00
 2.0000000000000000e+00
 2.0000000000000000e+00
 2.0000000000000000e+00
 1.0000000000000000e+00
 3.0000000000000000e+00
 0.0000000000000000e+00
 1.0000000000000000e+00
 2.0000000000000000e+00
 1.0000000000000000e+00
 1.0000000000000000e+00
 0.0000000000000000e+00
 1.0000000000000000e+00
 1.0000000000000000e+00
 0.0000000000000000e+00
 1.0000000000000000e+00
 0.0000000000000000e+00
 1.0000000000000000e+00
 0.0000000000000000e+00
 0.0000000000000000e+00
 1.0000000000000000e+00
 0.0000000000000000e+00
 0.0000000000000000e+00
 0.0000000000000000e+00
 1.0000000000000000e+00
 1.0000000000000000e+00
 1.0000000000000000e+00
 0.0000000000000000e+00
 0.0000000000000000e+00
 0.0000000000000000e+00
 1.0000000000000000e+00
 0.0000000000000000e+00
 0.0000000000000000e+00
 0.0000000000000000e+00
 0.0000000000000000e+00
 1.0000000000000000e+00
 0.0000000000000000e+00
 0.0000000000000000e+00
 1.0000000000000000e+00
 0.0000000000000000e+00
 0.0000000000000000e+00
 1.0000000000000000e+00
 0.0000000000000000e+00
 0.0000000000000000e+00
 0.0000000000000000e+00
 0.0000000000000000e+00
 0.0000000000000000e+00
 0.0000000000000000e+00
 0.0000000000000000e+00
 0.0000000000000000e+00
 0.0000000000000000e+00
 1.0000000000000000e+00
 0.0000000000000000e+00
 1.0000000000000000e+00
 0.0000000000000000e+00
 0.0000000000000000e+00
 0.0000000000000000e+00
 0.0000000000000000e+00
 0.0000000000000000e+00
 0.0000000000000000e+00
 0.0000000000000000e+00
 0.0000000000000000e+00
 1.0000000000000000e+00
 0.0000000000000000e+00
 0.0000000000000000e+00
 0.0000000000000000e+00
 0.0000000000000000e+00
 0.0000000000000000e+00
 0.0000000000000000e+00
 0.0000000000000000e+00
 0.0000000000000000e+00
 0.0000000000000000e+00
 0.0000000000000000e+00
 0.0000000000000000e+00
 0.0000000000000000e+00
 0.0000000000000000e+00
 0.0000000000000000e+00
 0.0000000000000000e+00
 0.0000000000000000e+00
 1.0000000000000000e+00
 0.0000000000000000e+00
 0.0000000000000000e+00
 0.0000000000000000e+00
 0.0000000000000000e+00
 0.0000000000000000e+00
 0.0000000000000000e+00
 0.0000000000000000e+00
 0.0000000000000000e+00
 0.0000000000000000e+00
 0.0000000000000000e+00
 0.0000000000000000e+00
 0.0000000000000000e+00
 0.0000000000000000e+00
 0.0000000000000000e+00
 0.0000000000000000e+00
 1.0000000000000000e+00
 0.0000000000000000e+00
 0.0000000000000000e+00
 0.0000000000000000e+00
 0.0000000000000000e+00
 0.0000000000000000e+00
 0.0000000000000000e+00
 0.0000000000000000e+00
 0.0000000000000000e+00
 0.0000000000000000e+00
 0.0000000000000000e+00
 0.0000000000000000e+00
 0.0000000000000000e+00
 0.0000000000000000e+00
 0.0000000000000000e+00
 0.0000000000000000e+00
 0.0000000000000000e+00
 0.0000000000000000e+00
 0.0000000000000000e+00
 0.0000000000000000e+00
 0.0000000000000000e+00
 0.0000000000000000e+00
 0.0000000000000000e+00
 0.0000000000000000e+00
 0.0000000000000000e+00
 0.0000000000000000e+00
 0.0000000000000000e+00
 0.0000000000000000e+00
 0.0000000000000000e+00
 0.0000000000000000e+00
 0.0000000000000000e+00
 0.0000000000000000e+00
 0.0000000000000000e+00
 0.0000000000000000e+00
 0.0000000000000000e+00
 0.0000000000000000e+00
 0.0000000000000000e+00
 0.0000000000000000e+00
 0.0000000000000000e+00
 0.0000000000000000e+00
 0.0000000000000000e+00
 0.0000000000000000e+00
 0.0000000000000000e+00
 0.0000000000000000e+00
 0.0000000000000000e+00
 0.0000000000000000e+00
 0.0000000000000000e+00
 0.0000000000000000e+00
 0.0000000000000000e+00
 0.0000000000000000e+00
 0.0000000000000000e+00
 0.0000000000000000e+00
 0.0000000000000000e+00
 0.0000000000000000e+00
 0.0000000000000000e+00
 0.0000000000000000e+00
 0.0000000000000000e+00
 0.0000000000000000e+00
 0.0000000000000000e+00
 0.0000000000000000e+00
 0.0000000000000000e+00
 0.0000000000000000e+00
 0.0000000000000000e+00
 0.0000000000000000e+00
 0.0000000000000000e+00
 0.0000000000000000e+00
 0.0000000000000000e+00
 0.0000000000000000e+00
 0.0000000000000000e+00
 0.0000000000000000e+00
 0.0000000000000000e+00
 0.0000000000000000e+00
 0.0000000000000000e+00
 0.0000000000000000e+00
 0.0000000000000000e+00
 0.0000000000000000e+00
 0.0000000000000000e+00
 0.0000000000000000e+00
 0.0000000000000000e+00
 0.0000000000000000e+00
 0.0000000000000000e+00
 0.0000000000000000e+00
 0.0000000000000000e+00
 0.0000000000000000e+00
 0.0000000000000000e+00
 0.0000000000000000e+00
 0.0000000000000000e+00
 0.0000000000000000e+00
 0.0000000000000000e+00
 0.0000000000000000e+00
 0.0000000000000000e+00
 0.0000000000000000e+00
 0.0000000000000000e+00
 0.0000000000000000e+00
 0.0000000000000000e+00
 0.0000000000000000e+00
 0.0000000000000000e+00
 0.0000000000000000e+00
 0.0000000000000000e+00
 0.0000000000000000e+00
 0.0000000000000000e+00
 0.0000000000000000e+00
 0.0000000000000000e+00
 0.0000000000000000e+00
 0.0000000000000000e+00
 0.0000000000000000e+00
 0.0000000000000000e+00
 0.0000000000000000e+00
 0.0000000000000000e+00
 0.0000000000000000e+00
 0.0000000000000000e+00
 0.0000000000000000e+00
 0.0000000000000000e+00
 0.0000000000000000e+00
 0.0000000000000000e+00
 0.0000000000000000e+00
 0.0000000000000000e+00
 0.0000000000000000e+00
 0.0000000000000000e+00
 0.0000000000000000e+00
 0.0000000000000000e+00
 0.0000000000000000e+00
 0.0000000000000000e+00
 0.0000000000000000e+00
 0.0000000000000000e+00
 0.0000000000000000e+00
 0.0000000000000000e+00
 0.0000000000000000e+00
 0.0000000000000000e+00
 0.0000000000000000e+00
 0.0000000000000000e+00
 0.0000000000000000e+00
 0.0000000000000000e+00
 0.0000000000000000e+00
 0.0000000000000000e+00
 0.0000000000000000e+00
 0.0000000000000000e+00
 0.0000000000000000e+00
 0.0000000000000000e+00
 0.0000000000000000e+00
 0.0000000000000000e+00
 0.0000000000000000e+00
 0.0000000000000000e+00
 0.0000000000000000e+00
 0.0000000000000000e+00
 0.0000000000000000e+00
 0.0000000000000000e+00
 0.0000000000000000e+00
 0.0000000000000000e+00
 0.0000000000000000e+00
 0.0000000000000000e+00
 0.0000000000000000e+00
 0.0000000000000000e+00
 0.0000000000000000e+00
 0.0000000000000000e+00
 0.0000000000000000e+00
 0.0000000000000000e+00
 0.0000000000000000e+00
 0.0000000000000000e+00
 0.0000000000000000e+00
 0.0000000000000000e+00
 0.0000000000000000e+00
 0.0000000000000000e+00
 0.0000000000000000e+00
 0.0000000000000000e+00
 0.0000000000000000e+00
 0.0000000000000000e+00
 0.0000000000000000e+00
 0.0000000000000000e+00
 0.0000000000000000e+00
 0.0000000000000000e+00
 0.0000000000000000e+00
 0.0000000000000000e+00
 0.0000000000000000e+00
 0.0000000000000000e+00
 0.0000000000000000e+00
 0.0000000000000000e+00
 0.0000000000000000e+00
 0.0000000000000000e+00
 0.0000000000000000e+00
 0.0000000000000000e+00
 0.0000000000000000e+00
 0.0000000000000000e+00
 0.0000000000000000e+00
 0.0000000000000000e+00
 0.0000000000000000e+00
 0.0000000000000000e+00
 0.0000000000000000e+00
 0.0000000000000000e+00
 0.0000000000000000e+00
 0.0000000000000000e+00
 0.0000000000000000e+00
 0.0000000000000000e+00
 0.0000000000000000e+00
 0.0000000000000000e+00
 0.0000000000000000e+00
 0.0000000000000000e+00
 0.0000000000000000e+00
 0.0000000000000000e+00
 0.0000000000000000e+00
 0.0000000000000000e+00
 0.0000000000000000e+00
 0.0000000000000000e+00
 0.0000000000000000e+00
 0.0000000000000000e+00
 0.0000000000000000e+00
 0.0000000000000000e+00
 0.0000000000000000e+00
 0.0000000000000000e+00
 0.0000000000000000e+00
 0.0000000000000000e+00
 0.0000000000000000e+00
 0.0000000000000000e+00
 0.0000000000000000e+00
 0.0000000000000000e+00
 0.0000000000000000e+00
 0.0000000000000000e+00
 0.0000000000000000e+00
 0.0000000000000000e+00
 0.0000000000000000e+00
 0.0000000000000000e+00
 0.0000000000000000e+00
 0.0000000000000000e+00
 0.0000000000000000e+00
 0.0000000000000000e+00
 0.0000000000000000e+00
 0.0000000000000000e+00
 0.0000000000000000e+00
 0.0000000000000000e+00
 0.0000000000000000e+00
 0.0000000000000000e+00
 0.0000000000000000e+00
 0.0000000000000000e+00
 0.0000000000000000e+00
 0.0000000000000000e+00
 0.0000000000000000e+00
 0.0000000000000000e+00
 0.0000000000000000e+00
 0.0000000000000000e+00
 0.0000000000000000e+00
 0.0000000000000000e+00
 0.0000000000000000e+00
 0.0000000000000000e+00
 0.0000000000000000e+00
 0.0000000000000000e+00
 0.0000000000000000e+00
 0.0000000000000000e+00
 0.0000000000000000e+00
 0.0000000000000000e+00
 0.0000000000000000e+00
 0.0000000000000000e+00
 0.0000000000000000e+00
 0.0000000000000000e+00
 0.0000000000000000e+00
 0.0000000000000000e+00
 0.0000000000000000e+00
 0.0000000000000000e+00
 0.0000000000000000e+00
 0.0000000000000000e+00
 0.0000000000000000e+00
 0.0000000000000000e+00
 0.0000000000000000e+00
 0.0000000000000000e+00
 0.0000000000000000e+00
 0.0000000000000000e+00
 0.0000000000000000e+00
 0.0000000000000000e+00
 0.0000000000000000e+00
 0.0000000000000000e+00
 0.0000000000000000e+00
 0.0000000000000000e+00
 0.0000000000000000e+00
 0.0000000000000000e+00
 0.0000000000000000e+00
 0.0000000000000000e+00
 0.0000000000000000e+00
 0.0000000000000000e+00
 0.0000000000000000e+00
 0.0000000000000000e+00
 0.0000000000000000e+00
 0.0000000000000000e+00
 0.0000000000000000e+00
 0.0000000000000000e+00
 0.0000000000000000e+00
 0.0000000000000000e+00
 0.0000000000000000e+00
 0.0000000000000000e+00
 0.0000000000000000e+00
 0.0000000000000000e+00
 0.0000000000000000e+00
 0.0000000000000000e+00
 0.0000000000000000e+00
 0.0000000000000000e+00
 0.0000000000000000e+00
 0.0000000000000000e+00
 0.0000000000000000e+00
 0.0000000000000000e+00
 0.0000000000000000e+00
 0.0000000000000000e+00
 0.0000000000000000e+00
 0.0000000000000000e+00
 0.0000000000000000e+00
 0.0000000000000000e+00
 0.0000000000000000e+00
 0.0000000000000000e+00
 0.0000000000000000e+00
 0.0000000000000000e+00
 0.0000000000000000e+00
 0.0000000000000000e+00
 0.0000000000000000e+00
 0.0000000000000000e+00
 0.0000000000000000e+00
 0.0000000000000000e+00
 0.0000000000000000e+00
 0.0000000000000000e+00
 0.0000000000000000e+00
 0.0000000000000000e+00
 0.0000000000000000e+00
 0.0000000000000000e+00
 0.0000000000000000e+00
 0.0000000000000000e+00
 0.0000000000000000e+00
 0.0000000000000000e+00
 0.0000000000000000e+00
# name: Hist_H1
# type: matrix
# rows: 500
# columns: 1
 2.0100000000000000e+02
 9.7000000000000000e+01
 7.0000000000000000e+01
 7.8000000000000000e+01
 5.8000000000000000e+01
 5.9000000000000000e+01
 5.0000000000000000e+01
 5.9000000000000000e+01
 5.5000000000000000e+01
 5.3000000000000000e+01
 5.3000000000000000e+01
 5.6000000000000000e+01
 4.3000000000000000e+01
 4.4000000000000000e+01
 5.0000000000000000e+01
 4.4000000000000000e+01
 5.1000000000000000e+01
 4.7000000000000000e+01
 3.4000000000000000e+01
 3.9000000000000000e+01
 4.0000000000000000e+01
 4.6000000000000000e+01
 3.6000000000000000e+01
 3.9000000000000000e+01
 4.4000000000000000e+01
 3.7000000000000000e+01
 4.5000000000000000e+01
 4.5000000000000000e+01
 2.2000000000000000e+01
 4.5000000000000000e+01
 5.3000000000000000e+01
 3.9000000000000000e+01
 4.7000000000000000e+01
 3.6000000000000000e+01
 4.1000000000000000e+01
 4.6000000000000000e+01
 3.7000000000000000e+01
 4.1000000000000000e+01
 4.5000000000000000e+01
 2.9000000000000000e+01
 3.7000000000000000e+01
 3.1000000000000000e+01
 4.0000000000000000e+01
 3.2000000000000000e+01
 3.7000000000000000e+01
 4.1000000000000000e+01
 4.8000000000000000e+01
 2.4000000000000000e+01
 3.4000000000000000e+01
 4.6000000000000000e+01
 3.4000000000000000e+01
 2.9000000000000000e+01
 3.2000000000000000e+01
 3.3000000000000000e+01
 3.1000000000000000e+01
 3.5000000000000000e+01
 2.8000000000000000e+01
 3.1000000000000000e+01
 3.2000000000000000e+01
 3.1000000000000000e+01
 2.8000000000000000e+01
 2.1000000000000000e+01
 2.7000000000000000e+01
 2.1000000000000000e+01
 3.7000000000000000e+01
 2.6000000000000000e+01
 2.8000000000000000e+01
 2.6000000000000000e+01
 2.6000000000000000e+01
 3.1000000000000000e+01
 3.2000000000000000e+01
 2.7000000000000000e+01
 3.1000000000000000e+01
 2.0000000000000000e+01
 2.1000000000000000e+01
 2.4000000000000000e+01
 2.1000000000000000e+01
 3.2000000000000000e+01
 3.2000000000000000e+01
 2.1000000000000000e+01
 2.0000000000000000e+01
 2.3000000000000000e+01
 1.5000000000000000e+01
 2.1000000000000000e+01
 2.1000000000000000e+01
 3.6000000000000000e+01
 2.4000000000000000e+01
 2.0000000000000000e+01
 2.7000000000000000e+01
 2.8000000000000000e+01
 2.1000000000000000e+01
 2.3000000000000000e+01
 3.2000000000000000e+01
 2.3000000000000000e+01
 2.2000000000000000e+01
 1.8000000000000000e+01
 1.4000000000000000e+01
 2.2000000000000000e+01
 1.6000000000000000e+01
 1.6000000000000000e+01
 2.3000000000000000e+01
 1.0000000000000000e+01
 1.8000000000000000e+01
 1.3000000000000000e+01
 1.5000000000000000e+01
 2.3000000000000000e+01
 1.3000000000000000e+01
 1.8000000000000000e+01
 1.3000000000000000e+01
 1.8000000000000000e+01
 1.6000000000000000e+01
 1.4000000000000000e+01
 2.0000000000000000e+01
 2.2000000000000000e+01
 1.3000000000000000e+01
 1.5000000000000000e+01
 1.5000000000000000e+01
 1.6000000000000000e+01
 1.4000000000000000e+01
 2.0000000000000000e+01
 1.5000000000000000e+01
 1.4000000000000000e+01
 1.4000000000000000e+01
 1.0000000000000000e+01
 6.0000000000000000e+00
 1.1000000000000000e+01
 1.6000000000000000e+01
 1.6000000000000000e+01
 9.0000000000000000e+00
 1.7000000000000000e+01
 1.5000000000000000e+01
 1.7000000000000000e+01
 1.4000000000000000e+01
 1.0000000000000000e+01
 1.3000000000000000e+01
 1.2000000000000000e+01
 1.1000000000000000e+01
 1.1000000000000000e+01
 1.2000000000000000e+01
 1.2000000000000000e+01
 8.0000000000000000e+00
 7.0000000000000000e+00
 8.0000000000000000e+00
 1.3000000000000000e+01
 1.3000000000000000e+01
 6.0000000000000000e+00
 8.0000000000000000e+00
 1.6000000000000000e+01
 1.5000000000000000e+01
 1.1000000000000000e+01
 4.0000000000000000e+00
 8.0000000000000000e+00
 9.0000000000000000e+00
 1.3000000000000000e+01
 1.0000000000000000e+01
 6.0000000000000000e+00
 1.1000000000000000e+01
 5.0000000000000000e+00
 2.0000000000000000e+00
 1.4000000000000000e+01
 1.3000000000000000e+01
 1.0000000000000000e+01
 7.0000000000000000e+00
 9.0000000000000000e+00
 6.0000000000000000e+00
 7.0000000000000000e+00
 6.0000000000000000e+00
 6.0000000000000000e+00
 9.0000000000000000e+00
 9.0000000000000000e+00
 4.0000000000000000e+00
 9.0000000000000000e+00
 1.1000000000000000e+01
 5.0000000000000000e+00
 3.0000000000000000e+00
 7.0000000000000000e+00
 7.0000000000000000e+00
 1.1000000000000000e+01
 8.0000000000000000e+00
 8.0000000000000000e+00
 8.0000000000000000e+00
 8.0000000000000000e+00
 2.0000000000000000e+00
 7.0000000000000000e+00
 5.0000000000000000e+00
 7.0000000000000000e+00
 3.0000000000000000e+00
 1.3000000000000000e+01
 6.0000000000000000e+00
 6.0000000000000000e+00
 4.0000000000000000e+00
 2.0000000000000000e+00
 5.0000000000000000e+00
 5.0000000000000000e+00
 3.0000000000000000e+00
 9.0000000000000000e+00
 4.0000000000000000e+00
 4.0000000000000000e+00
 2.0000000000000000e+00
 6.0000000000000000e+00
 2.0000000000000000e+00
 6.0000000000000000e+00
 3.0000000000000000e+00
 4.0000000000000000e+00
 5.0000000000000000e+00
 5.0000000000000000e+00
 4.0000000000000000e+00
 3.0000000000000000e+00
 2.0000000000000000e+00
 3.0000000000000000e+00
 2.0000000000000000e+00
 5.0000000000000000e+00
 4.0000000000000000e+00
 4.0000000000000000e+00
 2.0000000000000000e+00
 4.0000000000000000e+00
 4.0000000000000000e+00
 3.0000000000000000e+00
 3.0000000000000000e+00
 2.0000000000000000e+00
 3.0000000000000000e+00
 3.0000000000000000e+00
 2.0000000000000000e+00
 2.0000000000000000e+00
 5.0000000000000000e+00
 5.0000000000000000e+00
 3.0000000000000000e+00
 4.0000000000000000e+00
 0.0000000000000000e+00
 1.0000000000000000e+00
 6.0000000000000000e+00
 2.0000000000000000e+00
 3.0000000000000000e+00
 4.0000000000000000e+00
 3.0000000000000000e+00
 3.0000000000000000e+00
 2.0000000000000000e+00
 1.0000000000000000e+00
 1.0000000000000000e+00
 1.0000000000000000e+00
 2.0000000000000000e+00
 0.0000000000000000e+00
 3.0000000000000000e+00
 2.0000000000000000e+00
 1.0000000000000000e+00
 3.0000000000000000e+00
 1.0000000000000000e+00
 5.0000000000000000e+00
 3.0000000000000000e+00
 0.0000000000000000e+00
 4.0000000000000000e+00
 4.0000000000000000e+00
 1.0000000000000000e+00
 0.0000000000000000e+00
 1.0000000000000000e+00
 0.0000000000000000e+00
 2.0000000000000000e+00
 1.0000000000000000e+00
 2.0000000000000000e+00
 3.0000000000000000e+00
 0.0000000000000000e+00
 2.0000000000000000e+00
 2.0000000000000000e+00
 2.0000000000000000e+00
 0.0000000000000000e+00
 1.0000000000000000e+00
 3.0000000000000000e+00
 1.0000000000000000e+00
 2.0000000000000000e+00
 3.0000000000000000e+00
 1.0000000000000000e+00
 0.0000000000000000e+00
 2.0000000000000000e+00
 2.0000000000000000e+00
 1.0000000000000000e+00
 2.0000000000000000e+00
 2.0000000000000000e+00
 0.0000000000000000e+00
 1.0000000000000000e+00
 1.0000000000000000e+00
 1.0000000000000000e+00
 1.0000000000000000e+00
 2.0000000000000000e+00
 2.0000000000000000e+00
 0.0000000000000000e+00
 0.0000000000000000e+00
 1.0000000000000000e+00
 2.0000000000000000e+00
 0.0000000000000000e+00
 3.0000000000000000e+00
 0.0000000000000000e+00
 0.0000000000000000e+00
 1.0000000000000000e+00
 1.0000000000000000e+00
 0.0000000000000000e+00
 0.0000000000000000e+00
 0.0000000000000000e+00
 1.0000000000000000e+00
 0.0000000000000000e+00
 0.0000000000000000e+00
 1.0000000000000000e+00
 2.0000000000000000e+00
 1.0000000000000000e+00
 1.0000000000000000e+00
 1.0000000000000000e+00
 1.0000000000000000e+00
 0.0000000000000000e+00
 0.0000000000000000e+00
 1.0000000000000000e+00
 2.0000000000000000e+00
 1.0000000000000000e+00
 1.0000000000000000e+00
 1.0000000000000000e+00
 1.0000000000000000e+00
 0.0000000000000000e+00
 0.0000000000000000e+00
 0.0000000000000000e+00
 1.0000000000000000e+00
 2.0000000000000000e+00
 2.0000000000000000e+00
 0.0000000000000000e+00
 2.0000000000000000e+00
 1.0000000000000000e+00
 1.0000000000000000e+00
 0.0000000000000000e+00
 0.0000000000000000e+00
 0.0000000000000000e+00
 1.0000000000000000e+00
 0.0000000000000000e+00
 1.0000000000000000e+00
 0.0000000000000000e+00
 0.0000000000000000e+00
 0.0000000000000000e+00
 0.0000000000000000e+00
 1.0000000000000000e+00
 0.0000000000000000e+00
 0.0000000000000000e+00
 0.0000000000000000e+00
 0.0000000000000000e+00
 0.0000000000000000e+00
 0.0000000000000000e+00
 0.0000000000000000e+00
 0.0000000000000000e+00
 0.0000000000000000e+00
 1.0000000000000000e+00
 3.0000000000000000e+00
 1.0000000000000000e+00
 0.0000000000000000e+00
 0.0000000000000000e+00
 0.0000000000000000e+00
 0.0000000000000000e+00
 0.0000000000000000e+00
 0.0000000000000000e+00
 0.0000000000000000e+00
 0.0000000000000000e+00
 0.0000000000000000e+00
 0.0000000000000000e+00
 1.0000000000000000e+00
 0.0000000000000000e+00
 1.0000000000000000e+00
 0.0000000000000000e+00
 0.0000000000000000e+00
 0.0000000000000000e+00
 1.0000000000000000e+00
 0.0000000000000000e+00
 0.0000000000000000e+00
 0.0000000000000000e+00
 0.0000000000000000e+00
 0.0000000000000000e+00
 0.0000000000000000e+00
 1.0000000000000000e+00
 1.0000000000000000e+00
 0.0000000000000000e+00
 1.0000000000000000e+00
 0.0000000000000000e+00
 0.0000000000000000e+00
 0.0000000000000000e+00
 0.0000000000000000e+00
 0.0000000000000000e+00
 0.0000000000000000e+00
 1.0000000000000000e+00
 1.0000000000000000e+00
 1.0000000000000000e+00
 0.0000000000000000e+00
 0.0000000000000000e+00
 0.0000000000000000e+00
 0.0000000000000000e+00
 1.0000000000000000e+00
 0.0000000000000000e+00
 0.0000000000000000e+00
 0.0000000000000000e+00
 0.0000000000000000e+00
 0.0000000000000000e+00
 0.0000000000000000e+00
 0.0000000000000000e+00
 0.0000000000000000e+00
 0.0000000000000000e+00
 0.0000000000000000e+00
 0.0000000000000000e+00
 0.0000000000000000e+00
 1.0000000000000000e+00
 0.0000000000000000e+00
 0.0000000000000000e+00
 0.0000000000000000e+00
 0.0000000000000000e+00
 0.0000000000000000e+00
 0.0000000000000000e+00
 0.0000000000000000e+00
 0.0000000000000000e+00
 0.0000000000000000e+00
 0.0000000000000000e+00
 0.0000000000000000e+00
 0.0000000000000000e+00
 0.0000000000000000e+00
 0.0000000000000000e+00
 0.0000000000000000e+00
 0.0000000000000000e+00
 1.0000000000000000e+00
 0.0000000000000000e+00
 0.0000000000000000e+00
 0.0000000000000000e+00
 0.0000000000000000e+00
 1.0000000000000000e+00
 0.0000000000000000e+00
 1.0000000000000000e+00
 0.0000000000000000e+00
 0.0000000000000000e+00
 0.0000000000000000e+00
 0.0000000000000000e+00
 0.0000000000000000e+00
 0.0000000000000000e+00
 0.0000000000000000e+00
 0.0000000000000000e+00
 0.0000000000000000e+00
 0.0000000000000000e+00
 0.0000000000000000e+00
 0.0000000000000000e+00
 0.0000000000000000e+00
 0.0000000000000000e+00
 0.0000000000000000e+00
 0.0000000000000000e+00
 0.0000000000000000e+00
 0.0000000000000000e+00
 0.0000000000000000e+00
 0.0000000000000000e+00
 0.0000000000000000e+00
 0.0000000000000000e+00
 0.0000000000000000e+00
 0.0000000000000000e+00
 0.0000000000000000e+00
 0.0000000000000000e+00
 0.0000000000000000e+00
 0.0000000000000000e+00
 0.0000000000000000e+00
 0.0000000000000000e+00
 0.0000000000000000e+00
 0.0000000000000000e+00
 0.0000000000000000e+00
 0.0000000000000000e+00
 0.0000000000000000e+00
 0.0000000000000000e+00
 0.0000000000000000e+00
 0.0000000000000000e+00
 0.0000000000000000e+00
 0.0000000000000000e+00
 0.0000000000000000e+00
 0.0000000000000000e+00
 0.0000000000000000e+00
 0.0000000000000000e+00
 0.0000000000000000e+00
 0.0000000000000000e+00
 0.0000000000000000e+00
 0.0000000000000000e+00
 0.0000000000000000e+00
 0.0000000000000000e+00
 0.0000000000000000e+00
 0.0000000000000000e+00
 0.0000000000000000e+00
 0.0000000000000000e+00
 0.0000000000000000e+00
 0.0000000000000000e+00
 0.0000000000000000e+00
 0.0000000000000000e+00
 0.0000000000000000e+00
 0.0000000000000000e+00
 0.0000000000000000e+00
 0.0000000000000000e+00
 0.0000000000000000e+00
 0.0000000000000000e+00
 0.0000000000000000e+00
 0.0000000000000000e+00
 0.0000000000000000e+00
 0.0000000000000000e+00
 0.0000000000000000e+00
 0.0000000000000000e+00
 0.0000000000000000e+00
 0.0000000000000000e+00
 0.0000000000000000e+00
 0.0000000000000000e+00
 0.0000000000000000e+00
# name: Vect_Pfa
# type: matrix
# rows: 500
# columns: 1
 9.9999999999999989e-01
 7.6399999999999990e-01
 6.6479999999999995e-01
 6.0059999999999991e-01
 5.4679999999999995e-01
 4.9859999999999993e-01
 4.5639999999999992e-01
 4.2339999999999994e-01
 3.8899999999999996e-01
 3.6259999999999998e-01
 3.3699999999999997e-01
 3.1639999999999996e-01
 2.9619999999999996e-01
 2.7599999999999997e-01
 2.5719999999999998e-01
 2.3999999999999999e-01
 2.2439999999999999e-01
 2.1099999999999999e-01
 1.9699999999999998e-01
 1.8819999999999998e-01
 1.7719999999999997e-01
 1.6879999999999998e-01
 1.6119999999999998e-01
 1.5239999999999998e-01
 1.4259999999999998e-01
 1.3379999999999997e-01
 1.2719999999999998e-01
 1.2019999999999997e-01
 1.1259999999999998e-01
 1.0559999999999997e-01
 9.9599999999999966e-02
 9.4199999999999964e-02
 8.8599999999999970e-02
 8.3399999999999974e-02
 7.8799999999999981e-02
 7.5999999999999984e-02
 7.1799999999999989e-02
 6.8599999999999994e-02
 6.4399999999999999e-02
 6.2200000000000005e-02
 6.0000000000000005e-02
 5.6600000000000004e-02
 5.5000000000000007e-02
 5.2600000000000008e-02
 4.9000000000000009e-02
 4.7200000000000006e-02
 4.4800000000000006e-02
 4.2400000000000007e-02
 4.0200000000000007e-02
 3.8200000000000005e-02
 3.7400000000000003e-02
 3.5200000000000002e-02
 3.2800000000000003e-02
 3.0800000000000004e-02
 2.9400000000000006e-02
 2.8400000000000005e-02
 2.7800000000000005e-02
 2.6800000000000004e-02
 2.4800000000000003e-02
 2.3400000000000004e-02
 2.1800000000000003e-02
 1.9600000000000003e-02
 1.8600000000000002e-02
 1.8000000000000002e-02
 1.7000000000000001e-02
 1.6400000000000001e-02
 1.6200000000000003e-02
 1.5000000000000001e-02
 1.3600000000000001e-02
 1.3200000000000002e-02
 1.1800000000000001e-02
 1.0800000000000001e-02
 1.0000000000000000e-02
 9.4000000000000004e-03
 9.1999999999999998e-03
 8.6000000000000000e-03
 8.6000000000000000e-03
 8.2000000000000007e-03
 8.0000000000000002e-03
 7.6000000000000009e-03
 7.0000000000000010e-03
 6.6000000000000008e-03
 6.4000000000000012e-03
 6.0000000000000010e-03
 5.6000000000000008e-03
 5.2000000000000006e-03
 5.0000000000000010e-03
 4.4000000000000011e-03
 4.4000000000000011e-03
 4.2000000000000015e-03
 3.8000000000000013e-03
 3.6000000000000012e-03
 3.4000000000000011e-03
 3.4000000000000011e-03
 3.2000000000000010e-03
 3.0000000000000009e-03
 3.0000000000000009e-03
 2.8000000000000008e-03
 2.8000000000000008e-03
 2.6000000000000007e-03
 2.6000000000000007e-03
 2.6000000000000007e-03
 2.4000000000000007e-03
 2.4000000000000007e-03
 2.4000000000000007e-03
 2.4000000000000007e-03
 2.2000000000000006e-03
 2.0000000000000005e-03
 1.8000000000000004e-03
 1.8000000000000004e-03
 1.8000000000000004e-03
 1.8000000000000004e-03
 1.6000000000000003e-03
 1.6000000000000003e-03
 1.6000000000000003e-03
 1.6000000000000003e-03
 1.6000000000000003e-03
 1.4000000000000002e-03
 1.4000000000000002e-03
 1.4000000000000002e-03
 1.2000000000000001e-03
 1.2000000000000001e-03
 1.2000000000000001e-03
 1.0000000000000000e-03
 1.0000000000000000e-03
 1.0000000000000000e-03
 1.0000000000000000e-03
 1.0000000000000000e-03
 1.0000000000000000e-03
 1.0000000000000000e-03
 1.0000000000000000e-03
 1.0000000000000000e-03
 1.0000000000000000e-03
 8.0000000000000004e-04
 8.0000000000000004e-04
 6.0000000000000006e-04
 6.0000000000000006e-04
 6.0000000000000006e-04
 6.0000000000000006e-04
 6.0000000000000006e-04
 6.0000000000000006e-04
 6.0000000000000006e-04
 6.0000000000000006e-04
 6.0000000000000006e-04
 4.0000000000000002e-04
 4.0000000000000002e-04
 4.0000000000000002e-04
 4.0000000000000002e-04
 4.0000000000000002e-04
 4.0000000000000002e-04
 4.0000000000000002e-04
 4.0000000000000002e-04
 4.0000000000000002e-04
 4.0000000000000002e-04
 4.0000000000000002e-04
 4.0000000000000002e-04
 4.0000000000000002e-04
 4.0000000000000002e-04
 4.0000000000000002e-04
 4.0000000000000002e-04
 4.0000000000000002e-04
 2.0000000000000001e-04
 2.0000000000000001e-04
 2.0000000000000001e-04
 2.0000000000000001e-04
 2.0000000000000001e-04
 2.0000000000000001e-04
 2.0000000000000001e-04
 2.0000000000000001e-04
 2.0000000000000001e-04
 2.0000000000000001e-04
 2.0000000000000001e-04
 2.0000000000000001e-04
 2.0000000000000001e-04
 2.0000000000000001e-04
 2.0000000000000001e-04
 2.0000000000000001e-04
 0.0000000000000000e+00
 0.0000000000000000e+00
 0.0000000000000000e+00
 0.0000000000000000e+00
 0.0000000000000000e+00
 0.0000000000000000e+00
 0.0000000000000000e+00
 0.0000000000000000e+00
 0.0000000000000000e+00
 0.0000000000000000e+00
 0.0000000000000000e+00
 0.0000000000000000e+00
 0.0000000000000000e+00
 0.0000000000000000e+00
 0.0000000000000000e+00
 0.0000000000000000e+00
 0.0000000000000000e+00
 0.0000000000000000e+00
 0.0000000000000000e+00
 0.0000000000000000e+00
 0.0000000000000000e+00
 0.0000000000000000e+00
 0.0000000000000000e+00
 0.0000000000000000e+00
 0.0000000000000000e+00
 0.0000000000000000e+00
 0.0000000000000000e+00
 0.0000000000000000e+00
 0.0000000000000000e+00
 0.0000000000000000e+00
 0.0000000000000000e+00
 0.0000000000000000e+00
 0.0000000000000000e+00
 0.0000000000000000e+00
 0.0000000000000000e+00
 0.0000000000000000e+00
 0.0000000000000000e+00
 0.0000000000000000e+00
 0.0000000000000000e+00
 0.0000000000000000e+00
 0.0000000000000000e+00
 0.0000000000000000e+00
 0.0000000000000000e+00
 0.0000000000000000e+00
 0.0000000000000000e+00
 0.0000000000000000e+00
 0.0000000000000000e+00
 0.0000000000000000e+00
 0.0000000000000000e+00
 0.0000000000000000e+00
 0.0000000000000000e+00
 0.0000000000000000e+00
 0.0000000000000000e+00
 0.0000000000000000e+00
 0.0000000000000000e+00
 0.0000000000000000e+00
 0.0000000000000000e+00
 0.0000000000000000e+00
 0.0000000000000000e+00
 0.0000000000000000e+00
 0.0000000000000000e+00
 0.0000000000000000e+00
 0.0000000000000000e+00
 0.0000000000000000e+00
 0.0000000000000000e+00
 0.0000000000000000e+00
 0.0000000000000000e+00
 0.0000000000000000e+00
 0.0000000000000000e+00
 0.0000000000000000e+00
 0.0000000000000000e+00
 0.0000000000000000e+00
 0.0000000000000000e+00
 0.0000000000000000e+00
 0.0000000000000000e+00
 0.0000000000000000e+00
 0.0000000000000000e+00
 0.0000000000000000e+00
 0.0000000000000000e+00
 0.0000000000000000e+00
 0.0000000000000000e+00
 0.0000000000000000e+00
 0.0000000000000000e+00
 0.0000000000000000e+00
 0.0000000000000000e+00
 0.0000000000000000e+00
 0.0000000000000000e+00
 0.0000000000000000e+00
 0.0000000000000000e+00
 0.0000000000000000e+00
 0.0000000000000000e+00
 0.0000000000000000e+00
 0.0000000000000000e+00
 0.0000000000000000e+00
 0.0000000000000000e+00
 0.0000000000000000e+00
 0.0000000000000000e+00
 0.0000000000000000e+00
 0.0000000000000000e+00
 0.0000000000000000e+00
 0.0000000000000000e+00
 0.0000000000000000e+00
 0.0000000000000000e+00
 0.0000000000000000e+00
 0.0000000000000000e+00
 0.0000000000000000e+00
 0.0000000000000000e+00
 0.0000000000000000e+00
 0.0000000000000000e+00
 0.0000000000000000e+00
 0.0000000000000000e+00
 0.0000000000000000e+00
 0.0000000000000000e+00
 0.0000000000000000e+00
 0.0000000000000000e+00
 0.0000000000000000e+00
 0.0000000000000000e+00
 0.0000000000000000e+00
 0.0000000000000000e+00
 0.0000000000000000e+00
 0.0000000000000000e+00
 0.0000000000000000e+00
 0.0000000000000000e+00
 0.0000000000000000e+00
 0.0000000000000000e+00
 0.0000000000000000e+00
 0.0000000000000000e+00
 0.0000000000000000e+00
 0.0000000000000000e+00
 0.0000000000000000e+00
 0.0000000000000000e+00
 0.0000000000000000e+00
 0.0000000000000000e+00
 0.0000000000000000e+00
 0.0000000000000000e+00
 0.0000000000000000e+00
 0.0000000000000000e+00
 0.0000000000000000e+00
 0.0000000000000000e+00
 0.0000000000000000e+00
 0.0000000000000000e+00
 0.0000000000000000e+00
 0.0000000000000000e+00
 0.0000000000000000e+00
 0.0000000000000000e+00
 0.0000000000000000e+00
 0.0000000000000000e+00
 0.0000000000000000e+00
 0.0000000000000000e+00
 0.0000000000000000e+00
 0.0000000000000000e+00
 0.0000000000000000e+00
 0.0000000000000000e+00
 0.0000000000000000e+00
 0.0000000000000000e+00
 0.0000000000000000e+00
 0.0000000000000000e+00
 0.0000000000000000e+00
 0.0000000000000000e+00
 0.0000000000000000e+00
 0.0000000000000000e+00
 0.0000000000000000e+00
 0.0000000000000000e+00
 0.0000000000000000e+00
 0.0000000000000000e+00
 0.0000000000000000e+00
 0.0000000000000000e+00
 0.0000000000000000e+00
 0.0000000000000000e+00
 0.0000000000000000e+00
 0.0000000000000000e+00
 0.0000000000000000e+00
 0.0000000000000000e+00
 0.0000000000000000e+00
 0.0000000000000000e+00
 0.0000000000000000e+00
 0.0000000000000000e+00
 0.0000000000000000e+00
 0.0000000000000000e+00
 0.0000000000000000e+00
 0.0000000000000000e+00
 0.0000000000000000e+00
 0.0000000000000000e+00
 0.0000000000000000e+00
 0.0000000000000000e+00
 0.0000000000000000e+00
 0.0000000000000000e+00
 0.0000000000000000e+00
 0.0000000000000000e+00
 0.0000000000000000e+00
 0.0000000000000000e+00
 0.0000000000000000e+00
 0.0000000000000000e+00
 0.0000000000000000e+00
 0.0000000000000000e+00
 0.0000000000000000e+00
 0.0000000000000000e+00
 0.0000000000000000e+00
 0.0000000000000000e+00
 0.0000000000000000e+00
 0.0000000000000000e+00
 0.0000000000000000e+00
 0.0000000000000000e+00
 0.0000000000000000e+00
 0.0000000000000000e+00
 0.0000000000000000e+00
 0.0000000000000000e+00
 0.0000000000000000e+00
 0.0000000000000000e+00
 0.0000000000000000e+00
 0.0000000000000000e+00
 0.0000000000000000e+00
 0.0000000000000000e+00
 0.0000000000000000e+00
 0.0000000000000000e+00
 0.0000000000000000e+00
 0.0000000000000000e+00
 0.0000000000000000e+00
 0.0000000000000000e+00
 0.0000000000000000e+00
 0.0000000000000000e+00
 0.0000000000000000e+00
 0.0000000000000000e+00
 0.0000000000000000e+00
 0.0000000000000000e+00
 0.0000000000000000e+00
 0.0000000000000000e+00
 0.0000000000000000e+00
 0.0000000000000000e+00
 0.0000000000000000e+00
 0.0000000000000000e+00
 0.0000000000000000e+00
 0.0000000000000000e+00
 0.0000000000000000e+00
 0.0000000000000000e+00
 0.0000000000000000e+00
 0.0000000000000000e+00
 0.0000000000000000e+00
 0.0000000000000000e+00
 0.0000000000000000e+00
 0.0000000000000000e+00
 0.0000000000000000e+00
 0.0000000000000000e+00
 0.0000000000000000e+00
 0.0000000000000000e+00
 0.0000000000000000e+00
 0.0000000000000000e+00
 0.0000000000000000e+00
 0.0000000000000000e+00
 0.0000000000000000e+00
 0.0000000000000000e+00
 0.0000000000000000e+00
 0.0000000000000000e+00
 0.0000000000000000e+00
 0.0000000000000000e+00
 0.0000000000000000e+00
 0.0000000000000000e+00
 0.0000000000000000e+00
 0.0000000000000000e+00
 0.0000000000000000e+00
 0.0000000000000000e+00
 0.0000000000000000e+00
 0.0000000000000000e+00
 0.0000000000000000e+00
 0.0000000000000000e+00
 0.0000000000000000e+00
 0.0000000000000000e+00
 0.0000000000000000e+00
 0.0000000000000000e+00
 0.0000000000000000e+00
 0.0000000000000000e+00
 0.0000000000000000e+00
 0.0000000000000000e+00
 0.0000000000000000e+00
 0.0000000000000000e+00
 0.0000000000000000e+00
 0.0000000000000000e+00
 0.0000000000000000e+00
 0.0000000000000000e+00
 0.0000000000000000e+00
 0.0000000000000000e+00
 0.0000000000000000e+00
 0.0000000000000000e+00
 0.0000000000000000e+00
 0.0000000000000000e+00
 0.0000000000000000e+00
 0.0000000000000000e+00
 0.0000000000000000e+00
 0.0000000000000000e+00
 0.0000000000000000e+00
 0.0000000000000000e+00
 0.0000000000000000e+00
 0.0000000000000000e+00
 0.0000000000000000e+00
 0.0000000000000000e+00
 0.0000000000000000e+00
 0.0000000000000000e+00
 0.0000000000000000e+00
 0.0000000000000000e+00
 0.0000000000000000e+00
 0.0000000000000000e+00
 0.0000000000000000e+00
 0.0000000000000000e+00
 0.0000000000000000e+00
 0.0000000000000000e+00
 0.0000000000000000e+00
 0.0000000000000000e+00
 0.0000000000000000e+00
 0.0000000000000000e+00
 0.0000000000000000e+00
 0.0000000000000000e+00
 0.0000000000000000e+00
 0.0000000000000000e+00
 0.0000000000000000e+00
 0.0000000000000000e+00
 0.0000000000000000e+00
 0.0000000000000000e+00
 0.0000000000000000e+00
 0.0000000000000000e+00
 0.0000000000000000e+00
 0.0000000000000000e+00
 0.0000000000000000e+00
 0.0000000000000000e+00
# name: Vect_Pd
# type: matrix
# rows: 500
# columns: 1
 9.9980000000000002e-01
 9.5960000000000001e-01
 9.4020000000000004e-01
 9.2620000000000002e-01
 9.1060000000000008e-01
 8.9900000000000013e-01
 8.8720000000000010e-01
 8.7720000000000009e-01
 8.6540000000000006e-01
 8.5440000000000005e-01
 8.4379999999999999e-01
 8.3319999999999994e-01
 8.2199999999999995e-01
 8.1339999999999990e-01
 8.0459999999999987e-01
 7.9459999999999986e-01
 7.8579999999999983e-01
 7.7559999999999985e-01
 7.6619999999999988e-01
 7.5939999999999985e-01
 7.5159999999999982e-01
 7.4359999999999982e-01
 7.3439999999999983e-01
 7.2719999999999985e-01
 7.1939999999999982e-01
 7.1059999999999979e-01
 7.0319999999999983e-01
 6.9419999999999982e-01
 6.8519999999999981e-01
 6.8079999999999985e-01
 6.7179999999999984e-01
 6.6119999999999979e-01
 6.5339999999999976e-01
 6.4399999999999979e-01
 6.3679999999999981e-01
 6.2859999999999983e-01
 6.1939999999999984e-01
 6.1199999999999988e-01
 6.0379999999999989e-01
 5.9479999999999988e-01
 5.8899999999999986e-01
 5.8159999999999989e-01
 5.7539999999999991e-01
 5.6739999999999990e-01
 5.6099999999999994e-01
 5.5359999999999998e-01
 5.4540000000000000e-01
 5.3579999999999994e-01
 5.3099999999999992e-01
 5.2419999999999989e-01
 5.1499999999999990e-01
 5.0819999999999987e-01
 5.0239999999999985e-01
 4.9599999999999989e-01
 4.8939999999999989e-01
 4.8319999999999991e-01
 4.7619999999999990e-01
 4.7059999999999991e-01
 4.6439999999999992e-01
 4.5799999999999991e-01
 4.5179999999999992e-01
 4.4619999999999993e-01
 4.4199999999999995e-01
 4.3659999999999993e-01
 4.3239999999999995e-01
 4.2499999999999993e-01
 4.1979999999999995e-01
 4.1419999999999996e-01
 4.0899999999999997e-01
 4.0379999999999999e-01
 3.9760000000000001e-01
 3.9119999999999999e-01
 3.8579999999999998e-01
 3.7959999999999999e-01
 3.7559999999999999e-01
 3.7140000000000001e-01
 3.6659999999999998e-01
 3.6240000000000000e-01
 3.5599999999999998e-01
 3.4959999999999997e-01
 3.4539999999999998e-01
 3.4139999999999998e-01
 3.3679999999999999e-01
 3.3379999999999999e-01
 3.2960000000000000e-01
 3.2540000000000002e-01
 3.1820000000000004e-01
 3.1340000000000001e-01
 3.0940000000000001e-01
 3.0399999999999999e-01
 2.9840000000000000e-01
 2.9420000000000002e-01
 2.8960000000000002e-01
 2.8320000000000001e-01
 2.7860000000000001e-01
 2.7420000000000000e-01
 2.7060000000000001e-01
 2.6779999999999998e-01
 2.6339999999999997e-01
 2.6019999999999999e-01
 2.5700000000000001e-01
 2.5240000000000001e-01
 2.5040000000000001e-01
 2.4679999999999999e-01
 2.4420000000000000e-01
 2.4120000000000000e-01
 2.3660000000000000e-01
 2.3400000000000001e-01
 2.3040000000000002e-01
 2.2780000000000003e-01
 2.2420000000000004e-01
 2.2100000000000003e-01
 2.1820000000000003e-01
 2.1420000000000003e-01
 2.0980000000000004e-01
 2.0720000000000005e-01
 2.0420000000000005e-01
 2.0120000000000005e-01
 1.9800000000000004e-01
 1.9520000000000004e-01
 1.9120000000000004e-01
 1.8820000000000003e-01
 1.8540000000000004e-01
 1.8260000000000004e-01
 1.8060000000000004e-01
 1.7940000000000003e-01
 1.7720000000000002e-01
 1.7400000000000002e-01
 1.7080000000000001e-01
 1.6900000000000001e-01
 1.6560000000000002e-01
 1.6260000000000002e-01
 1.5920000000000004e-01
 1.5640000000000004e-01
 1.5440000000000004e-01
 1.5180000000000005e-01
 1.4940000000000003e-01
 1.4720000000000003e-01
 1.4500000000000002e-01
 1.4260000000000000e-01
 1.4019999999999999e-01
 1.3860000000000000e-01
 1.3719999999999999e-01
 1.3560000000000000e-01
 1.3300000000000001e-01
 1.3040000000000002e-01
 1.2920000000000001e-01
 1.2760000000000002e-01
 1.2440000000000002e-01
 1.2140000000000002e-01
 1.1920000000000003e-01
 1.1840000000000003e-01
 1.1680000000000003e-01
 1.1500000000000003e-01
 1.1240000000000003e-01
 1.1040000000000003e-01
 1.0920000000000002e-01
 1.0700000000000003e-01
 1.0600000000000002e-01
 1.0560000000000003e-01
 1.0280000000000003e-01
 1.0020000000000003e-01
 9.8200000000000023e-02
 9.6800000000000025e-02
 9.5000000000000029e-02
 9.3800000000000022e-02
 9.2400000000000024e-02
 9.1200000000000017e-02
 9.0000000000000011e-02
 8.8200000000000014e-02
 8.6400000000000018e-02
 8.5600000000000023e-02
 8.3800000000000027e-02
 8.1600000000000034e-02
 8.0600000000000033e-02
 8.0000000000000029e-02
 7.8600000000000031e-02
 7.7200000000000032e-02
 7.5000000000000039e-02
 7.3400000000000035e-02
 7.1800000000000030e-02
 7.0200000000000026e-02
 6.8600000000000022e-02
 6.8200000000000024e-02
 6.6800000000000026e-02
 6.5800000000000025e-02
 6.4400000000000027e-02
 6.3800000000000023e-02
 6.1200000000000025e-02
 6.0000000000000026e-02
 5.8800000000000026e-02
 5.8000000000000024e-02
 5.7600000000000026e-02
 5.6600000000000025e-02
 5.5600000000000024e-02
 5.5000000000000021e-02
 5.3200000000000018e-02
 5.2400000000000016e-02
 5.1600000000000014e-02
 5.1200000000000016e-02
 5.0000000000000017e-02
 4.9600000000000019e-02
 4.8400000000000019e-02
 4.7800000000000016e-02
 4.7000000000000014e-02
 4.6000000000000013e-02
 4.5000000000000012e-02
 4.4200000000000010e-02
 4.3600000000000007e-02
 4.3200000000000009e-02
 4.2600000000000006e-02
 4.2200000000000008e-02
 4.1200000000000007e-02
 4.0400000000000005e-02
 3.9600000000000003e-02
 3.9200000000000006e-02
 3.8400000000000004e-02
 3.7600000000000001e-02
 3.6999999999999998e-02
 3.6399999999999995e-02
 3.5999999999999997e-02
 3.5399999999999994e-02
 3.4799999999999991e-02
 3.4399999999999993e-02
 3.3999999999999996e-02
 3.2999999999999995e-02
 3.1999999999999994e-02
 3.1399999999999990e-02
 3.0599999999999992e-02
 3.0599999999999992e-02
 3.0399999999999993e-02
 2.9199999999999993e-02
 2.8799999999999992e-02
 2.8199999999999992e-02
 2.7399999999999994e-02
 2.6799999999999994e-02
 2.6199999999999994e-02
 2.5799999999999993e-02
 2.5599999999999994e-02
 2.5399999999999995e-02
 2.5199999999999997e-02
 2.4799999999999996e-02
 2.4799999999999996e-02
 2.4199999999999996e-02
 2.3799999999999995e-02
 2.3599999999999996e-02
 2.2999999999999996e-02
 2.2799999999999997e-02
 2.1799999999999996e-02
 2.1199999999999997e-02
 2.1199999999999997e-02
 2.0399999999999998e-02
 1.9599999999999999e-02
 1.9400000000000001e-02
 1.9400000000000001e-02
 1.9200000000000002e-02
 1.9200000000000002e-02
 1.8800000000000001e-02
 1.8600000000000002e-02
 1.8200000000000001e-02
 1.7600000000000001e-02
 1.7600000000000001e-02
 1.7200000000000000e-02
 1.6799999999999999e-02
 1.6399999999999998e-02
 1.6399999999999998e-02
 1.6199999999999999e-02
 1.5599999999999999e-02
 1.5399999999999999e-02
 1.4999999999999999e-02
 1.4400000000000000e-02
 1.4199999999999999e-02
 1.4199999999999999e-02
 1.3800000000000000e-02
 1.3400000000000000e-02
 1.3200000000000000e-02
 1.2800000000000001e-02
 1.2400000000000001e-02
 1.2400000000000001e-02
 1.2200000000000001e-02
 1.2000000000000000e-02
 1.1800000000000000e-02
 1.1599999999999999e-02
 1.1200000000000000e-02
 1.0800000000000001e-02
 1.0800000000000001e-02
 1.0800000000000001e-02
 1.0600000000000000e-02
 1.0200000000000001e-02
 1.0200000000000001e-02
 9.6000000000000009e-03
 9.6000000000000009e-03
 9.6000000000000009e-03
 9.4000000000000004e-03
 9.1999999999999998e-03
 9.1999999999999998e-03
 9.1999999999999998e-03
 9.1999999999999998e-03
 8.9999999999999993e-03
 8.9999999999999993e-03
 8.9999999999999993e-03
 8.7999999999999988e-03
 8.3999999999999995e-03
 8.1999999999999990e-03
 7.9999999999999984e-03
 7.7999999999999979e-03
 7.5999999999999983e-03
 7.5999999999999983e-03
 7.5999999999999983e-03
 7.3999999999999986e-03
 6.9999999999999984e-03
 6.7999999999999988e-03
 6.5999999999999991e-03
 6.3999999999999994e-03
 6.1999999999999998e-03
 6.1999999999999998e-03
 6.1999999999999998e-03
 6.1999999999999998e-03
 6.0000000000000001e-03
 5.5999999999999999e-03
 5.1999999999999998e-03
 5.1999999999999998e-03
 4.7999999999999996e-03
 4.5999999999999999e-03
 4.4000000000000003e-03
 4.4000000000000003e-03
 4.4000000000000003e-03
 4.4000000000000003e-03
 4.2000000000000006e-03
 4.2000000000000006e-03
 4.0000000000000010e-03
 4.0000000000000010e-03
 4.0000000000000010e-03
 4.0000000000000010e-03
 4.0000000000000010e-03
 3.8000000000000009e-03
 3.8000000000000009e-03
 3.8000000000000009e-03
 3.8000000000000009e-03
 3.8000000000000009e-03
 3.8000000000000009e-03
 3.8000000000000009e-03
 3.8000000000000009e-03
 3.8000000000000009e-03
 3.8000000000000009e-03
 3.6000000000000008e-03
 3.0000000000000009e-03
 2.8000000000000008e-03
 2.8000000000000008e-03
 2.8000000000000008e-03
 2.8000000000000008e-03
 2.8000000000000008e-03
 2.8000000000000008e-03
 2.8000000000000008e-03
 2.8000000000000008e-03
 2.8000000000000008e-03
 2.8000000000000008e-03
 2.8000000000000008e-03
 2.6000000000000007e-03
 2.6000000000000007e-03
 2.4000000000000007e-03
 2.4000000000000007e-03
 2.4000000000000007e-03
 2.4000000000000007e-03
 2.2000000000000006e-03
 2.2000000000000006e-03
 2.2000000000000006e-03
 2.2000000000000006e-03
 2.2000000000000006e-03
 2.2000000000000006e-03
 2.2000000000000006e-03
 2.0000000000000005e-03
 1.8000000000000004e-03
 1.8000000000000004e-03
 1.6000000000000003e-03
 1.6000000000000003e-03
 1.6000000000000003e-03
 1.6000000000000003e-03
 1.6000000000000003e-03
 1.6000000000000003e-03
 1.6000000000000003e-03
 1.4000000000000002e-03
 1.2000000000000001e-03
 1.0000000000000000e-03
 1.0000000000000000e-03
 1.0000000000000000e-03
 1.0000000000000000e-03
 1.0000000000000000e-03
 8.0000000000000004e-04
 8.0000000000000004e-04
 8.0000000000000004e-04
 8.0000000000000004e-04
 8.0000000000000004e-04
 8.0000000000000004e-04
 8.0000000000000004e-04
 8.0000000000000004e-04
 8.0000000000000004e-04
 8.0000000000000004e-04
 8.0000000000000004e-04
 8.0000000000000004e-04
 8.0000000000000004e-04
 6.0000000000000006e-04
 6.0000000000000006e-04
 6.0000000000000006e-04
 6.0000000000000006e-04
 6.0000000000000006e-04
 6.0000000000000006e-04
 6.0000000000000006e-04
 6.0000000000000006e-04
 6.0000000000000006e-04
 6.0000000000000006e-04
 6.0000000000000006e-04
 6.0000000000000006e-04
 6.0000000000000006e-04
 6.0000000000000006e-04
 6.0000000000000006e-04
 6.0000000000000006e-04
 6.0000000000000006e-04
 4.0000000000000002e-04
 4.0000000000000002e-04
 4.0000000000000002e-04
 4.0000000000000002e-04
 4.0000000000000002e-04
 2.0000000000000001e-04
 2.0000000000000001e-04
 0.0000000000000000e+00
 0.0000000000000000e+00
 0.0000000000000000e+00
 0.0000000000000000e+00
 0.0000000000000000e+00
 0.0000000000000000e+00
 0.0000000000000000e+00
 0.0000000000000000e+00
 0.0000000000000000e+00
 0.0000000000000000e+00
 0.0000000000000000e+00
 0.0000000000000000e+00
 0.0000000000000000e+00
 0.0000000000000000e+00
 0.0000000000000000e+00
 0.0000000000000000e+00
 0.0000000000000000e+00
 0.0000000000000000e+00
 0.0000000000000000e+00
 0.0000000000000000e+00
 0.0000000000000000e+00
 0.0000000000000000e+00
 0.0000000000000000e+00
 0.0000000000000000e+00
 0.0000000000000000e+00
 0.0000000000000000e+00
 0.0000000000000000e+00
 0.0000000000000000e+00
 0.0000000000000000e+00
 0.0000000000000000e+00
 0.0000000000000000e+00
 0.0000000000000000e+00
 0.0000000000000000e+00
 0.0000000000000000e+00
 0.0000000000000000e+00
 0.0000000000000000e+00
 0.0000000000000000e+00
 0.0000000000000000e+00
 0.0000000000000000e+00
 0.0000000000000000e+00
 0.0000000000000000e+00
 0.0000000000000000e+00
 0.0000000000000000e+00
 0.0000000000000000e+00
 0.0000000000000000e+00
 0.0000000000000000e+00
 0.0000000000000000e+00
 0.0000000000000000e+00
 0.0000000000000000e+00
 0.0000000000000000e+00
 0.0000000000000000e+00
 0.0000000000000000e+00
 0.0000000000000000e+00
 0.0000000000000000e+00
 0.0000000000000000e+00
 0.0000000000000000e+00
 0.0000000000000000e+00
 0.0000000000000000e+00
 0.0000000000000000e+00
 0.0000000000000000e+00
 0.0000000000000000e+00
 0.0000000000000000e+00
 0.0000000000000000e+00
 0.0000000000000000e+00
 0.0000000000000000e+00
 0.0000000000000000e+00
 0.0000000000000000e+00
 0.0000000000000000e+00
 0.0000000000000000e+00
 0.0000000000000000e+00
 0.0000000000000000e+00
 0.0000000000000000e+00
 0.0000000000000000e+00
 0.0000000000000000e+00
 0.0000000000000000e+00
