# Created by Physics and Images Processing Group 
# name: Abs
# type: matrix
# rows: 500
# columns: 1
 1.8488858341189778e-09
 1.9759083993037365e-03
 3.9518149497216395e-03
 5.9277215001395421e-03
 7.9036280505574447e-03
 9.8795346009753465e-03
 1.1855441151393250e-02
 1.3831347701811153e-02
 1.5807254252229053e-02
 1.7783160802646955e-02
 1.9759067353064857e-02
 2.1734973903482762e-02
 2.3710880453900664e-02
 2.5686787004318565e-02
 2.7662693554736471e-02
 2.9638600105154372e-02
 3.1614506655572278e-02
 3.3590413205990183e-02
 3.5566319756408081e-02
 3.7542226306825986e-02
 3.9518132857243884e-02
 4.1494039407661790e-02
 4.3469945958079695e-02
 4.5445852508497593e-02
 4.7421759058915498e-02
 4.9397665609333404e-02
 5.1373572159751302e-02
 5.3349478710169207e-02
 5.5325385260587112e-02
 5.7301291811005010e-02
 5.9277198361422916e-02
 6.1253104911840814e-02
 6.3229011462258719e-02
 6.5204918012676624e-02
 6.7180824563094529e-02
 6.9156731113512421e-02
 7.1132637663930326e-02
 7.3108544214348231e-02
 7.5084450764766136e-02
 7.7060357315184042e-02
 7.9036263865601933e-02
 8.1012170416019838e-02
 8.2988076966437743e-02
 8.4963983516855648e-02
 8.6939890067273554e-02
 8.8915796617691459e-02
 9.0891703168109350e-02
 9.2867609718527255e-02
 9.4843516268945161e-02
 9.6819422819363066e-02
 9.8795329369780971e-02
 1.0077123592019886e-01
 1.0274714247061677e-01
 1.0472304902103467e-01
 1.0669895557145258e-01
 1.0867486212187048e-01
 1.1065076867228839e-01
 1.1262667522270628e-01
 1.1460258177312418e-01
 1.1657848832354209e-01
 1.1855439487396000e-01
 1.2053030142437790e-01
 1.2250620797479579e-01
 1.2448211452521370e-01
 1.2645802107563159e-01
 1.2843392762604949e-01
 1.3040983417646740e-01
 1.3238574072688530e-01
 1.3436164727730321e-01
 1.3633755382772111e-01
 1.3831346037813899e-01
 1.4028936692855690e-01
 1.4226527347897480e-01
 1.4424118002939271e-01
 1.4621708657981061e-01
 1.4819299313022852e-01
 1.5016889968064642e-01
 1.5214480623106433e-01
 1.5412071278148223e-01
 1.5609661933190014e-01
 1.5807252588231802e-01
 1.6004843243273592e-01
 1.6202433898315383e-01
 1.6400024553357173e-01
 1.6597615208398964e-01
 1.6795205863440754e-01
 1.6992796518482545e-01
 1.7190387173524335e-01
 1.7387977828566126e-01
 1.7585568483607916e-01
 1.7783159138649707e-01
 1.7980749793691495e-01
 1.8178340448733285e-01
 1.8375931103775076e-01
 1.8573521758816866e-01
 1.8771112413858657e-01
 1.8968703068900447e-01
 1.9166293723942238e-01
 1.9363884378984028e-01
 1.9561475034025819e-01
 1.9759065689067609e-01
 1.9956656344109400e-01
 2.0154246999151187e-01
 2.0351837654192978e-01
 2.0549428309234768e-01
 2.0747018964276559e-01
 2.0944609619318350e-01
 2.1142200274360140e-01
 2.1339790929401931e-01
 2.1537381584443721e-01
 2.1734972239485512e-01
 2.1932562894527302e-01
 2.2130153549569093e-01
 2.2327744204610880e-01
 2.2525334859652671e-01
 2.2722925514694461e-01
 2.2920516169736252e-01
 2.3118106824778042e-01
 2.3315697479819833e-01
 2.3513288134861624e-01
 2.3710878789903414e-01
 2.3908469444945205e-01
 2.4106060099986995e-01
 2.4303650755028783e-01
 2.4501241410070573e-01
 2.4698832065112364e-01
 2.4896422720154154e-01
 2.5094013375195945e-01
 2.5291604030237735e-01
 2.5489194685279526e-01
 2.5686785340321316e-01
 2.5884375995363107e-01
 2.6081966650404897e-01
 2.6279557305446688e-01
 2.6477147960488479e-01
 2.6674738615530269e-01
 2.6872329270572060e-01
 2.7069919925613850e-01
 2.7267510580655641e-01
 2.7465101235697426e-01
 2.7662691890739216e-01
 2.7860282545781007e-01
 2.8057873200822797e-01
 2.8255463855864588e-01
 2.8453054510906378e-01
 2.8650645165948169e-01
 2.8848235820989959e-01
 2.9045826476031750e-01
 2.9243417131073540e-01
 2.9441007786115331e-01
 2.9638598441157121e-01
 2.9836189096198912e-01
 3.0033779751240702e-01
 3.0231370406282493e-01
 3.0428961061324283e-01
 3.0626551716366074e-01
 3.0824142371407864e-01
 3.1021733026449655e-01
 3.1219323681491445e-01
 3.1416914336533236e-01
 3.1614504991575021e-01
 3.1812095646616811e-01
 3.2009686301658602e-01
 3.2207276956700392e-01
 3.2404867611742183e-01
 3.2602458266783974e-01
 3.2800048921825764e-01
 3.2997639576867555e-01
 3.3195230231909345e-01
 3.3392820886951136e-01
 3.3590411541992926e-01
 3.3788002197034717e-01
 3.3985592852076507e-01
 3.4183183507118298e-01
 3.4380774162160088e-01
 3.4578364817201879e-01
 3.4775955472243669e-01
 3.4973546127285460e-01
 3.5171136782327250e-01
 3.5368727437369041e-01
 3.5566318092410831e-01
 3.5763908747452622e-01
 3.5961499402494407e-01
 3.6159090057536197e-01
 3.6356680712577988e-01
 3.6554271367619778e-01
 3.6751862022661569e-01
 3.6949452677703359e-01
 3.7147043332745150e-01
 3.7344633987786940e-01
 3.7542224642828731e-01
 3.7739815297870521e-01
 3.7937405952912312e-01
 3.8134996607954103e-01
 3.8332587262995893e-01
 3.8530177918037684e-01
 3.8727768573079474e-01
 3.8925359228121265e-01
 3.9122949883163055e-01
 3.9320540538204846e-01
 3.9518131193246636e-01
 3.9715721848288427e-01
 3.9913312503330217e-01
 4.0110903158372002e-01
 4.0308493813413793e-01
 4.0506084468455583e-01
 4.0703675123497374e-01
 4.0901265778539164e-01
 4.1098856433580955e-01
 4.1296447088622745e-01
 4.1494037743664536e-01
 4.1691628398706326e-01
 4.1889219053748117e-01
 4.2086809708789907e-01
 4.2284400363831698e-01
 4.2481991018873488e-01
 4.2679581673915279e-01
 4.2877172328957069e-01
 4.3074762983998860e-01
 4.3272353639040650e-01
 4.3469944294082441e-01
 4.3667534949124232e-01
 4.3865125604166022e-01
 4.4062716259207813e-01
 4.4260306914249603e-01
 4.4457897569291388e-01
 4.4655488224333179e-01
 4.4853078879374969e-01
 4.5050669534416760e-01
 4.5248260189458550e-01
 4.5445850844500341e-01
 4.5643441499542131e-01
 4.5841032154583922e-01
 4.6038622809625712e-01
 4.6236213464667503e-01
 4.6433804119709293e-01
 4.6631394774751084e-01
 4.6828985429792874e-01
 4.7026576084834665e-01
 4.7224166739876455e-01
 4.7421757394918246e-01
 4.7619348049960036e-01
 4.7816938705001827e-01
 4.8014529360043617e-01
 4.8212120015085408e-01
 4.8409710670127198e-01
 4.8607301325168983e-01
 4.8804891980210774e-01
 4.9002482635252564e-01
 4.9200073290294355e-01
 4.9397663945336145e-01
 4.9595254600377936e-01
 4.9792845255419727e-01
 4.9990435910461517e-01
 5.0188026565503308e-01
 5.0385617220545098e-01
 5.0583207875586889e-01
 5.0780798530628679e-01
 5.0978389185670470e-01
 5.1175979840712260e-01
 5.1373570495754051e-01
 5.1571161150795841e-01
 5.1768751805837632e-01
 5.1966342460879422e-01
 5.2163933115921213e-01
 5.2361523770963003e-01
 5.2559114426004794e-01
 5.2756705081046584e-01
 5.2954295736088375e-01
 5.3151886391130165e-01
 5.3349477046171956e-01
 5.3547067701213746e-01
 5.3744658356255537e-01
 5.3942249011297327e-01
 5.4139839666339118e-01
 5.4337430321380908e-01
 5.4535020976422699e-01
 5.4732611631464489e-01
 5.4930202286506269e-01
 5.5127792941548059e-01
 5.5325383596589850e-01
 5.5522974251631640e-01
 5.5720564906673431e-01
 5.5918155561715222e-01
 5.6115746216757012e-01
 5.6313336871798803e-01
 5.6510927526840593e-01
 5.6708518181882384e-01
 5.6906108836924174e-01
 5.7103699491965965e-01
 5.7301290147007755e-01
 5.7498880802049546e-01
 5.7696471457091336e-01
 5.7894062112133127e-01
 5.8091652767174917e-01
 5.8289243422216708e-01
 5.8486834077258498e-01
 5.8684424732300289e-01
 5.8882015387342079e-01
 5.9079606042383870e-01
 5.9277196697425660e-01
 5.9474787352467451e-01
 5.9672378007509241e-01
 5.9869968662551032e-01
 6.0067559317592822e-01
 6.0265149972634613e-01
 6.0462740627676403e-01
 6.0660331282718194e-01
 6.0857921937759984e-01
 6.1055512592801775e-01
 6.1253103247843566e-01
 6.1450693902885356e-01
 6.1648284557927147e-01
 6.1845875212968937e-01
 6.2043465868010728e-01
 6.2241056523052518e-01
 6.2438647178094309e-01
 6.2636237833136099e-01
 6.2833828488177890e-01
 6.3031419143219680e-01
 6.3229009798261460e-01
 6.3426600453303250e-01
 6.3624191108345041e-01
 6.3821781763386831e-01
 6.4019372418428622e-01
 6.4216963073470412e-01
 6.4414553728512203e-01
 6.4612144383553993e-01
 6.4809735038595784e-01
 6.5007325693637574e-01
 6.5204916348679365e-01
 6.5402507003721155e-01
 6.5600097658762946e-01
 6.5797688313804736e-01
 6.5995278968846527e-01
 6.6192869623888317e-01
 6.6390460278930108e-01
 6.6588050933971898e-01
 6.6785641589013689e-01
 6.6983232244055479e-01
 6.7180822899097270e-01
 6.7378413554139061e-01
 6.7576004209180851e-01
 6.7773594864222642e-01
 6.7971185519264432e-01
 6.8168776174306223e-01
 6.8366366829348013e-01
 6.8563957484389804e-01
 6.8761548139431594e-01
 6.8959138794473385e-01
 6.9156729449515175e-01
 6.9354320104556966e-01
 6.9551910759598756e-01
 6.9749501414640547e-01
 6.9947092069682337e-01
 7.0144682724724128e-01
 7.0342273379765918e-01
 7.0539864034807709e-01
 7.0737454689849499e-01
 7.0935045344891290e-01
 7.1132635999933080e-01
 7.1330226654974871e-01
 7.1527817310016661e-01
 7.1725407965058441e-01
 7.1922998620100231e-01
 7.2120589275142022e-01
 7.2318179930183812e-01
 7.2515770585225603e-01
 7.2713361240267393e-01
 7.2910951895309184e-01
 7.3108542550350974e-01
 7.3306133205392765e-01
 7.3503723860434556e-01
 7.3701314515476346e-01
 7.3898905170518137e-01
 7.4096495825559927e-01
 7.4294086480601718e-01
 7.4491677135643508e-01
 7.4689267790685299e-01
 7.4886858445727089e-01
 7.5084449100768880e-01
 7.5282039755810670e-01
 7.5479630410852461e-01
 7.5677221065894251e-01
 7.5874811720936042e-01
 7.6072402375977832e-01
 7.6269993031019623e-01
 7.6467583686061413e-01
 7.6665174341103204e-01
 7.6862764996144994e-01
 7.7060355651186785e-01
 7.7257946306228575e-01
 7.7455536961270366e-01
 7.7653127616312156e-01
 7.7850718271353947e-01
 7.8048308926395737e-01
 7.8245899581437528e-01
 7.8443490236479319e-01
 7.8641080891521109e-01
 7.8838671546562900e-01
 7.9036262201604690e-01
 7.9233852856646481e-01
 7.9431443511688271e-01
 7.9629034166730062e-01
 7.9826624821771852e-01
 8.0024215476813643e-01
 8.0221806131855422e-01
 8.0419396786897213e-01
 8.0616987441939003e-01
 8.0814578096980794e-01
 8.1012168752022584e-01
 8.1209759407064375e-01
 8.1407350062106165e-01
 8.1604940717147956e-01
 8.1802531372189746e-01
 8.2000122027231537e-01
 8.2197712682273327e-01
 8.2395303337315118e-01
 8.2592893992356908e-01
 8.2790484647398699e-01
 8.2988075302440489e-01
 8.3185665957482280e-01
 8.3383256612524070e-01
 8.3580847267565861e-01
 8.3778437922607651e-01
 8.3976028577649442e-01
 8.4173619232691232e-01
 8.4371209887733023e-01
 8.4568800542774814e-01
 8.4766391197816604e-01
 8.4963981852858395e-01
 8.5161572507900185e-01
 8.5359163162941976e-01
 8.5556753817983766e-01
 8.5754344473025557e-01
 8.5951935128067347e-01
 8.6149525783109138e-01
 8.6347116438150928e-01
 8.6544707093192719e-01
 8.6742297748234509e-01
 8.6939888403276300e-01
 8.7137479058318090e-01
 8.7335069713359881e-01
 8.7532660368401671e-01
 8.7730251023443462e-01
 8.7927841678485252e-01
 8.8125432333527043e-01
 8.8323022988568833e-01
 8.8520613643610624e-01
 8.8718204298652403e-01
 8.8915794953694194e-01
 8.9113385608735984e-01
 8.9310976263777775e-01
 8.9508566918819565e-01
 8.9706157573861356e-01
 8.9903748228903146e-01
 9.0101338883944937e-01
 9.0298929538986727e-01
 9.0496520194028518e-01
 9.0694110849070309e-01
 9.0891701504112099e-01
 9.1089292159153890e-01
 9.1286882814195680e-01
 9.1484473469237471e-01
 9.1682064124279261e-01
 9.1879654779321052e-01
 9.2077245434362842e-01
 9.2274836089404633e-01
 9.2472426744446423e-01
 9.2670017399488214e-01
 9.2867608054530004e-01
 9.3065198709571795e-01
 9.3262789364613585e-01
 9.3460380019655376e-01
 9.3657970674697166e-01
 9.3855561329738957e-01
 9.4053151984780747e-01
 9.4250742639822538e-01
 9.4448333294864328e-01
 9.4645923949906119e-01
 9.4843514604947909e-01
 9.5041105259989700e-01
 9.5238695915031490e-01
 9.5436286570073281e-01
 9.5633877225115071e-01
 9.5831467880156862e-01
 9.6029058535198653e-01
 9.6226649190240443e-01
 9.6424239845282234e-01
 9.6621830500324024e-01
 9.6819421155365815e-01
 9.7017011810407594e-01
 9.7214602465449385e-01
 9.7412193120491175e-01
 9.7609783775532966e-01
 9.7807374430574756e-01
 9.8004965085616547e-01
 9.8202555740658337e-01
 9.8400146395700128e-01
 9.8597737050741918e-01
# name: Hist_H0
# type: matrix
# rows: 500
# columns: 1
 1.3100000000000000e+03
 5.6500000000000000e+02
 3.7200000000000000e+02
 2.8300000000000000e+02
 2.5100000000000000e+02
 2.0900000000000000e+02
 1.9600000000000000e+02
 1.6400000000000000e+02
 1.4900000000000000e+02
 1.1500000000000000e+02
 1.1700000000000000e+02
 9.9000000000000000e+01
 1.0200000000000000e+02
 7.7000000000000000e+01
 7.1000000000000000e+01
 7.1000000000000000e+01
 6.0000000000000000e+01
 5.1000000000000000e+01
 4.5000000000000000e+01
 4.0000000000000000e+01
 5.4000000000000000e+01
 4.6000000000000000e+01
 4.7000000000000000e+01
 3.9000000000000000e+01
 2.6000000000000000e+01
 3.8000000000000000e+01
 3.4000000000000000e+01
 2.7000000000000000e+01
 2.5000000000000000e+01
 2.0000000000000000e+01
 2.0000000000000000e+01
 1.6000000000000000e+01
 1.8000000000000000e+01
 1.6000000000000000e+01
 1.9000000000000000e+01
 1.1000000000000000e+01
 7.0000000000000000e+00
 2.0000000000000000e+01
 7.0000000000000000e+00
 1.4000000000000000e+01
 7.0000000000000000e+00
 1.0000000000000000e+01
 6.0000000000000000e+00
 4.0000000000000000e+00
 1.2000000000000000e+01
 1.0000000000000000e+01
 7.0000000000000000e+00
 3.0000000000000000e+00
 4.0000000000000000e+00
 0.0000000000000000e+00
 5.0000000000000000e+00
 9.0000000000000000e+00
 3.0000000000000000e+00
 6.0000000000000000e+00
 2.0000000000000000e+00
 3.0000000000000000e+00
 8.0000000000000000e+00
 3.0000000000000000e+00
 3.0000000000000000e+00
 4.0000000000000000e+00
 1.0000000000000000e+00
 0.0000000000000000e+00
 3.0000000000000000e+00
 5.0000000000000000e+00
 2.0000000000000000e+00
 2.0000000000000000e+00
 1.0000000000000000e+00
 0.0000000000000000e+00
 1.0000000000000000e+00
 3.0000000000000000e+00
 1.0000000000000000e+00
 4.0000000000000000e+00
 1.0000000000000000e+00
 1.0000000000000000e+00
 1.0000000000000000e+00
 1.0000000000000000e+00
 0.0000000000000000e+00
 3.0000000000000000e+00
 0.0000000000000000e+00
 1.0000000000000000e+00
 0.0000000000000000e+00
 0.0000000000000000e+00
 1.0000000000000000e+00
 0.0000000000000000e+00
 1.0000000000000000e+00
 0.0000000000000000e+00
 1.0000000000000000e+00
 0.0000000000000000e+00
 0.0000000000000000e+00
 0.0000000000000000e+00
 0.0000000000000000e+00
 0.0000000000000000e+00
 0.0000000000000000e+00
 0.0000000000000000e+00
 1.0000000000000000e+00
 0.0000000000000000e+00
 1.0000000000000000e+00
 0.0000000000000000e+00
 0.0000000000000000e+00
 0.0000000000000000e+00
 0.0000000000000000e+00
 1.0000000000000000e+00
 0.0000000000000000e+00
 0.0000000000000000e+00
 0.0000000000000000e+00
 0.0000000000000000e+00
 0.0000000000000000e+00
 0.0000000000000000e+00
 0.0000000000000000e+00
 0.0000000000000000e+00
 0.0000000000000000e+00
 0.0000000000000000e+00
 0.0000000000000000e+00
 0.0000000000000000e+00
 0.0000000000000000e+00
 0.0000000000000000e+00
 1.0000000000000000e+00
 0.0000000000000000e+00
 0.0000000000000000e+00
 0.0000000000000000e+00
 0.0000000000000000e+00
 0.0000000000000000e+00
 0.0000000000000000e+00
 0.0000000000000000e+00
 0.0000000000000000e+00
 0.0000000000000000e+00
 0.0000000000000000e+00
 0.0000000000000000e+00
 0.0000000000000000e+00
 0.0000000000000000e+00
 0.0000000000000000e+00
 1.0000000000000000e+00
 0.0000000000000000e+00
 0.0000000000000000e+00
 0.0000000000000000e+00
 0.0000000000000000e+00
 0.0000000000000000e+00
 0.0000000000000000e+00
 0.0000000000000000e+00
 0.0000000000000000e+00
 0.0000000000000000e+00
 0.0000000000000000e+00
 0.0000000000000000e+00
 0.0000000000000000e+00
 0.0000000000000000e+00
 0.0000000000000000e+00
 0.0000000000000000e+00
 0.0000000000000000e+00
 0.0000000000000000e+00
 0.0000000000000000e+00
 1.0000000000000000e+00
 0.0000000000000000e+00
 0.0000000000000000e+00
 0.0000000000000000e+00
 0.0000000000000000e+00
 0.0000000000000000e+00
 0.0000000000000000e+00
 0.0000000000000000e+00
 0.0000000000000000e+00
 0.0000000000000000e+00
 0.0000000000000000e+00
 0.0000000000000000e+00
 0.0000000000000000e+00
 0.0000000000000000e+00
 0.0000000000000000e+00
 0.0000000000000000e+00
 0.0000000000000000e+00
 0.0000000000000000e+00
 0.0000000000000000e+00
 0.0000000000000000e+00
 0.0000000000000000e+00
 0.0000000000000000e+00
 0.0000000000000000e+00
 0.0000000000000000e+00
 0.0000000000000000e+00
 0.0000000000000000e+00
 0.0000000000000000e+00
 0.0000000000000000e+00
 0.0000000000000000e+00
 0.0000000000000000e+00
 0.0000000000000000e+00
 0.0000000000000000e+00
 0.0000000000000000e+00
 0.0000000000000000e+00
 0.0000000000000000e+00
 0.0000000000000000e+00
 0.0000000000000000e+00
 0.0000000000000000e+00
 0.0000000000000000e+00
 0.0000000000000000e+00
 0.0000000000000000e+00
 0.0000000000000000e+00
 0.0000000000000000e+00
 0.0000000000000000e+00
 0.0000000000000000e+00
 0.0000000000000000e+00
 0.0000000000000000e+00
 0.0000000000000000e+00
 0.0000000000000000e+00
 0.0000000000000000e+00
 0.0000000000000000e+00
 0.0000000000000000e+00
 0.0000000000000000e+00
 0.0000000000000000e+00
 0.0000000000000000e+00
 0.0000000000000000e+00
 0.0000000000000000e+00
 0.0000000000000000e+00
 0.0000000000000000e+00
 0.0000000000000000e+00
 0.0000000000000000e+00
 0.0000000000000000e+00
 0.0000000000000000e+00
 0.0000000000000000e+00
 0.0000000000000000e+00
 0.0000000000000000e+00
 0.0000000000000000e+00
 0.0000000000000000e+00
 0.0000000000000000e+00
 0.0000000000000000e+00
 0.0000000000000000e+00
 0.0000000000000000e+00
 0.0000000000000000e+00
 0.0000000000000000e+00
 0.0000000000000000e+00
 0.0000000000000000e+00
 0.0000000000000000e+00
 0.0000000000000000e+00
 0.0000000000000000e+00
 0.0000000000000000e+00
 0.0000000000000000e+00
 0.0000000000000000e+00
 0.0000000000000000e+00
 0.0000000000000000e+00
 0.0000000000000000e+00
 0.0000000000000000e+00
 0.0000000000000000e+00
 0.0000000000000000e+00
 0.0000000000000000e+00
 0.0000000000000000e+00
 0.0000000000000000e+00
 0.0000000000000000e+00
 0.0000000000000000e+00
 0.0000000000000000e+00
 0.0000000000000000e+00
 0.0000000000000000e+00
 0.0000000000000000e+00
 0.0000000000000000e+00
 0.0000000000000000e+00
 0.0000000000000000e+00
 0.0000000000000000e+00
 0.0000000000000000e+00
 0.0000000000000000e+00
 0.0000000000000000e+00
 0.0000000000000000e+00
 0.0000000000000000e+00
 0.0000000000000000e+00
 0.0000000000000000e+00
 0.0000000000000000e+00
 0.0000000000000000e+00
 0.0000000000000000e+00
 0.0000000000000000e+00
 0.0000000000000000e+00
 0.0000000000000000e+00
 0.0000000000000000e+00
 0.0000000000000000e+00
 0.0000000000000000e+00
 0.0000000000000000e+00
 0.0000000000000000e+00
 0.0000000000000000e+00
 0.0000000000000000e+00
 0.0000000000000000e+00
 0.0000000000000000e+00
 0.0000000000000000e+00
 0.0000000000000000e+00
 0.0000000000000000e+00
 0.0000000000000000e+00
 0.0000000000000000e+00
 0.0000000000000000e+00
 0.0000000000000000e+00
 0.0000000000000000e+00
 0.0000000000000000e+00
 0.0000000000000000e+00
 0.0000000000000000e+00
 0.0000000000000000e+00
 0.0000000000000000e+00
 0.0000000000000000e+00
 0.0000000000000000e+00
 0.0000000000000000e+00
 0.0000000000000000e+00
 0.0000000000000000e+00
 0.0000000000000000e+00
 0.0000000000000000e+00
 0.0000000000000000e+00
 0.0000000000000000e+00
 0.0000000000000000e+00
 0.0000000000000000e+00
 0.0000000000000000e+00
 0.0000000000000000e+00
 0.0000000000000000e+00
 0.0000000000000000e+00
 0.0000000000000000e+00
 0.0000000000000000e+00
 0.0000000000000000e+00
 0.0000000000000000e+00
 0.0000000000000000e+00
 0.0000000000000000e+00
 0.0000000000000000e+00
 0.0000000000000000e+00
 0.0000000000000000e+00
 0.0000000000000000e+00
 0.0000000000000000e+00
 0.0000000000000000e+00
 0.0000000000000000e+00
 0.0000000000000000e+00
 0.0000000000000000e+00
 0.0000000000000000e+00
 0.0000000000000000e+00
 0.0000000000000000e+00
 0.0000000000000000e+00
 0.0000000000000000e+00
 0.0000000000000000e+00
 0.0000000000000000e+00
 0.0000000000000000e+00
 0.0000000000000000e+00
 0.0000000000000000e+00
 0.0000000000000000e+00
 0.0000000000000000e+00
 0.0000000000000000e+00
 0.0000000000000000e+00
 0.0000000000000000e+00
 0.0000000000000000e+00
 0.0000000000000000e+00
 0.0000000000000000e+00
 0.0000000000000000e+00
 0.0000000000000000e+00
 0.0000000000000000e+00
 0.0000000000000000e+00
 0.0000000000000000e+00
 0.0000000000000000e+00
 0.0000000000000000e+00
 0.0000000000000000e+00
 0.0000000000000000e+00
 0.0000000000000000e+00
 0.0000000000000000e+00
 0.0000000000000000e+00
 0.0000000000000000e+00
 0.0000000000000000e+00
 0.0000000000000000e+00
 0.0000000000000000e+00
 0.0000000000000000e+00
 0.0000000000000000e+00
 0.0000000000000000e+00
 0.0000000000000000e+00
 0.0000000000000000e+00
 0.0000000000000000e+00
 0.0000000000000000e+00
 0.0000000000000000e+00
 0.0000000000000000e+00
 0.0000000000000000e+00
 0.0000000000000000e+00
 0.0000000000000000e+00
 0.0000000000000000e+00
 0.0000000000000000e+00
 0.0000000000000000e+00
 0.0000000000000000e+00
 0.0000000000000000e+00
 0.0000000000000000e+00
 0.0000000000000000e+00
 0.0000000000000000e+00
 0.0000000000000000e+00
 0.0000000000000000e+00
 0.0000000000000000e+00
 0.0000000000000000e+00
 0.0000000000000000e+00
 0.0000000000000000e+00
 0.0000000000000000e+00
 0.0000000000000000e+00
 0.0000000000000000e+00
 0.0000000000000000e+00
 0.0000000000000000e+00
 0.0000000000000000e+00
 0.0000000000000000e+00
 0.0000000000000000e+00
 0.0000000000000000e+00
 0.0000000000000000e+00
 0.0000000000000000e+00
 0.0000000000000000e+00
 0.0000000000000000e+00
 0.0000000000000000e+00
 0.0000000000000000e+00
 0.0000000000000000e+00
 0.0000000000000000e+00
 0.0000000000000000e+00
 0.0000000000000000e+00
 0.0000000000000000e+00
 0.0000000000000000e+00
 0.0000000000000000e+00
 0.0000000000000000e+00
 0.0000000000000000e+00
 0.0000000000000000e+00
 0.0000000000000000e+00
 0.0000000000000000e+00
 0.0000000000000000e+00
 0.0000000000000000e+00
 0.0000000000000000e+00
 0.0000000000000000e+00
 0.0000000000000000e+00
 0.0000000000000000e+00
 0.0000000000000000e+00
 0.0000000000000000e+00
 0.0000000000000000e+00
 0.0000000000000000e+00
 0.0000000000000000e+00
 0.0000000000000000e+00
 0.0000000000000000e+00
 0.0000000000000000e+00
 0.0000000000000000e+00
 0.0000000000000000e+00
 0.0000000000000000e+00
 0.0000000000000000e+00
 0.0000000000000000e+00
 0.0000000000000000e+00
 0.0000000000000000e+00
 0.0000000000000000e+00
 0.0000000000000000e+00
 0.0000000000000000e+00
 0.0000000000000000e+00
 0.0000000000000000e+00
 0.0000000000000000e+00
 0.0000000000000000e+00
 0.0000000000000000e+00
 0.0000000000000000e+00
 0.0000000000000000e+00
 0.0000000000000000e+00
 0.0000000000000000e+00
 0.0000000000000000e+00
 0.0000000000000000e+00
 0.0000000000000000e+00
 0.0000000000000000e+00
 0.0000000000000000e+00
 0.0000000000000000e+00
 0.0000000000000000e+00
 0.0000000000000000e+00
 0.0000000000000000e+00
 0.0000000000000000e+00
 0.0000000000000000e+00
 0.0000000000000000e+00
 0.0000000000000000e+00
 0.0000000000000000e+00
 0.0000000000000000e+00
 0.0000000000000000e+00
 0.0000000000000000e+00
 0.0000000000000000e+00
 0.0000000000000000e+00
 0.0000000000000000e+00
 0.0000000000000000e+00
 0.0000000000000000e+00
 0.0000000000000000e+00
 0.0000000000000000e+00
 0.0000000000000000e+00
 0.0000000000000000e+00
 0.0000000000000000e+00
 0.0000000000000000e+00
 0.0000000000000000e+00
 0.0000000000000000e+00
 0.0000000000000000e+00
 0.0000000000000000e+00
 0.0000000000000000e+00
 0.0000000000000000e+00
 0.0000000000000000e+00
 0.0000000000000000e+00
 0.0000000000000000e+00
 0.0000000000000000e+00
 0.0000000000000000e+00
 0.0000000000000000e+00
 0.0000000000000000e+00
 0.0000000000000000e+00
 0.0000000000000000e+00
 0.0000000000000000e+00
 0.0000000000000000e+00
 0.0000000000000000e+00
 0.0000000000000000e+00
 0.0000000000000000e+00
 0.0000000000000000e+00
 0.0000000000000000e+00
 0.0000000000000000e+00
 0.0000000000000000e+00
 0.0000000000000000e+00
 0.0000000000000000e+00
 0.0000000000000000e+00
 0.0000000000000000e+00
 0.0000000000000000e+00
 0.0000000000000000e+00
 0.0000000000000000e+00
 0.0000000000000000e+00
 0.0000000000000000e+00
 0.0000000000000000e+00
 0.0000000000000000e+00
 0.0000000000000000e+00
# name: Hist_H1
# type: matrix
# rows: 500
# columns: 1
 0.0000000000000000e+00
 0.0000000000000000e+00
 0.0000000000000000e+00
 0.0000000000000000e+00
 1.0000000000000000e+00
 0.0000000000000000e+00
 0.0000000000000000e+00
 0.0000000000000000e+00
 0.0000000000000000e+00
 0.0000000000000000e+00
 0.0000000000000000e+00
 1.0000000000000000e+00
 4.0000000000000000e+00
 1.0000000000000000e+00
 0.0000000000000000e+00
 1.0000000000000000e+00
 2.0000000000000000e+00
 2.0000000000000000e+00
 1.0000000000000000e+00
 2.0000000000000000e+00
 1.0000000000000000e+00
 0.0000000000000000e+00
 1.0000000000000000e+00
 3.0000000000000000e+00
 2.0000000000000000e+00
 4.0000000000000000e+00
 3.0000000000000000e+00
 4.0000000000000000e+00
 4.0000000000000000e+00
 1.0000000000000000e+00
 3.0000000000000000e+00
 2.0000000000000000e+00
 7.0000000000000000e+00
 3.0000000000000000e+00
 6.0000000000000000e+00
 4.0000000000000000e+00
 5.0000000000000000e+00
 6.0000000000000000e+00
 1.0000000000000000e+00
 2.0000000000000000e+00
 4.0000000000000000e+00
 3.0000000000000000e+00
 3.0000000000000000e+00
 3.0000000000000000e+00
 1.0000000000000000e+01
 9.0000000000000000e+00
 4.0000000000000000e+00
 8.0000000000000000e+00
 1.2000000000000000e+01
 1.4000000000000000e+01
 9.0000000000000000e+00
 5.0000000000000000e+00
 5.0000000000000000e+00
 6.0000000000000000e+00
 1.0000000000000000e+01
 1.2000000000000000e+01
 9.0000000000000000e+00
 1.2000000000000000e+01
 1.0000000000000000e+01
 1.2000000000000000e+01
 1.8000000000000000e+01
 1.1000000000000000e+01
 1.3000000000000000e+01
 1.4000000000000000e+01
 1.3000000000000000e+01
 1.3000000000000000e+01
 9.0000000000000000e+00
 1.6000000000000000e+01
 1.4000000000000000e+01
 1.5000000000000000e+01
 1.8000000000000000e+01
 1.7000000000000000e+01
 1.7000000000000000e+01
 2.1000000000000000e+01
 2.0000000000000000e+01
 1.6000000000000000e+01
 3.3000000000000000e+01
 2.0000000000000000e+01
 1.5000000000000000e+01
 1.3000000000000000e+01
 2.4000000000000000e+01
 2.8000000000000000e+01
 2.7000000000000000e+01
 2.1000000000000000e+01
 1.9000000000000000e+01
 1.5000000000000000e+01
 2.8000000000000000e+01
 2.3000000000000000e+01
 1.9000000000000000e+01
 2.5000000000000000e+01
 2.2000000000000000e+01
 2.4000000000000000e+01
 2.6000000000000000e+01
 3.1000000000000000e+01
 2.7000000000000000e+01
 3.2000000000000000e+01
 2.7000000000000000e+01
 1.8000000000000000e+01
 2.2000000000000000e+01
 2.3000000000000000e+01
 2.3000000000000000e+01
 2.5000000000000000e+01
 2.8000000000000000e+01
 3.0000000000000000e+01
 2.4000000000000000e+01
 2.4000000000000000e+01
 2.6000000000000000e+01
 3.0000000000000000e+01
 2.5000000000000000e+01
 2.9000000000000000e+01
 3.8000000000000000e+01
 2.8000000000000000e+01
 2.7000000000000000e+01
 1.7000000000000000e+01
 3.9000000000000000e+01
 2.5000000000000000e+01
 1.8000000000000000e+01
 2.3000000000000000e+01
 2.6000000000000000e+01
 3.0000000000000000e+01
 2.8000000000000000e+01
 1.8000000000000000e+01
 2.8000000000000000e+01
 2.2000000000000000e+01
 3.3000000000000000e+01
 2.6000000000000000e+01
 3.4000000000000000e+01
 3.0000000000000000e+01
 2.3000000000000000e+01
 2.4000000000000000e+01
 2.5000000000000000e+01
 2.8000000000000000e+01
 2.2000000000000000e+01
 3.0000000000000000e+01
 2.8000000000000000e+01
 3.3000000000000000e+01
 3.2000000000000000e+01
 3.1000000000000000e+01
 3.2000000000000000e+01
 2.7000000000000000e+01
 2.7000000000000000e+01
 3.2000000000000000e+01
 3.1000000000000000e+01
 2.3000000000000000e+01
 2.8000000000000000e+01
 3.4000000000000000e+01
 2.7000000000000000e+01
 3.7000000000000000e+01
 2.9000000000000000e+01
 2.6000000000000000e+01
 2.7000000000000000e+01
 1.9000000000000000e+01
 3.5000000000000000e+01
 2.2000000000000000e+01
 4.3000000000000000e+01
 1.9000000000000000e+01
 2.4000000000000000e+01
 3.0000000000000000e+01
 2.1000000000000000e+01
 2.2000000000000000e+01
 2.6000000000000000e+01
 2.9000000000000000e+01
 3.4000000000000000e+01
 2.8000000000000000e+01
 2.2000000000000000e+01
 2.1000000000000000e+01
 3.1000000000000000e+01
 2.4000000000000000e+01
 2.4000000000000000e+01
 2.4000000000000000e+01
 2.1000000000000000e+01
 3.4000000000000000e+01
 1.6000000000000000e+01
 2.6000000000000000e+01
 2.2000000000000000e+01
 2.9000000000000000e+01
 2.1000000000000000e+01
 2.8000000000000000e+01
 2.4000000000000000e+01
 1.6000000000000000e+01
 2.1000000000000000e+01
 2.4000000000000000e+01
 1.7000000000000000e+01
 2.9000000000000000e+01
 1.7000000000000000e+01
 2.8000000000000000e+01
 2.7000000000000000e+01
 3.0000000000000000e+01
 2.4000000000000000e+01
 1.9000000000000000e+01
 2.0000000000000000e+01
 2.0000000000000000e+01
 2.2000000000000000e+01
 2.6000000000000000e+01
 3.0000000000000000e+01
 2.9000000000000000e+01
 2.5000000000000000e+01
 2.5000000000000000e+01
 2.8000000000000000e+01
 2.9000000000000000e+01
 2.1000000000000000e+01
 2.9000000000000000e+01
 2.3000000000000000e+01
 1.1000000000000000e+01
 2.2000000000000000e+01
 1.7000000000000000e+01
 2.0000000000000000e+01
 1.5000000000000000e+01
 1.8000000000000000e+01
 1.8000000000000000e+01
 1.9000000000000000e+01
 1.9000000000000000e+01
 1.8000000000000000e+01
 2.0000000000000000e+01
 1.7000000000000000e+01
 1.5000000000000000e+01
 1.1000000000000000e+01
 1.1000000000000000e+01
 1.5000000000000000e+01
 1.5000000000000000e+01
 1.1000000000000000e+01
 1.9000000000000000e+01
 1.4000000000000000e+01
 1.0000000000000000e+01
 1.5000000000000000e+01
 1.5000000000000000e+01
 1.8000000000000000e+01
 1.9000000000000000e+01
 1.7000000000000000e+01
 1.3000000000000000e+01
 1.2000000000000000e+01
 7.0000000000000000e+00
 1.8000000000000000e+01
 1.3000000000000000e+01
 1.4000000000000000e+01
 1.2000000000000000e+01
 1.0000000000000000e+01
 2.0000000000000000e+01
 9.0000000000000000e+00
 1.4000000000000000e+01
 1.7000000000000000e+01
 1.3000000000000000e+01
 9.0000000000000000e+00
 1.1000000000000000e+01
 1.0000000000000000e+01
 6.0000000000000000e+00
 1.1000000000000000e+01
 5.0000000000000000e+00
 1.0000000000000000e+01
 1.1000000000000000e+01
 1.3000000000000000e+01
 8.0000000000000000e+00
 9.0000000000000000e+00
 9.0000000000000000e+00
 1.3000000000000000e+01
 9.0000000000000000e+00
 9.0000000000000000e+00
 1.2000000000000000e+01
 1.3000000000000000e+01
 8.0000000000000000e+00
 3.0000000000000000e+00
 7.0000000000000000e+00
 6.0000000000000000e+00
 6.0000000000000000e+00
 8.0000000000000000e+00
 7.0000000000000000e+00
 6.0000000000000000e+00
 1.0000000000000000e+01
 9.0000000000000000e+00
 9.0000000000000000e+00
 1.1000000000000000e+01
 1.4000000000000000e+01
 5.0000000000000000e+00
 5.0000000000000000e+00
 6.0000000000000000e+00
 9.0000000000000000e+00
 6.0000000000000000e+00
 4.0000000000000000e+00
 1.0000000000000000e+01
 8.0000000000000000e+00
 7.0000000000000000e+00
 7.0000000000000000e+00
 1.2000000000000000e+01
 7.0000000000000000e+00
 3.0000000000000000e+00
 7.0000000000000000e+00
 7.0000000000000000e+00
 6.0000000000000000e+00
 6.0000000000000000e+00
 7.0000000000000000e+00
 8.0000000000000000e+00
 6.0000000000000000e+00
 7.0000000000000000e+00
 6.0000000000000000e+00
 5.0000000000000000e+00
 3.0000000000000000e+00
 5.0000000000000000e+00
 4.0000000000000000e+00
 6.0000000000000000e+00
 3.0000000000000000e+00
 4.0000000000000000e+00
 3.0000000000000000e+00
 2.0000000000000000e+00
 3.0000000000000000e+00
 3.0000000000000000e+00
 4.0000000000000000e+00
 2.0000000000000000e+00
 6.0000000000000000e+00
 6.0000000000000000e+00
 1.0000000000000000e+00
 1.0000000000000000e+00
 2.0000000000000000e+00
 5.0000000000000000e+00
 3.0000000000000000e+00
 5.0000000000000000e+00
 2.0000000000000000e+00
 3.0000000000000000e+00
 6.0000000000000000e+00
 1.0000000000000000e+00
 3.0000000000000000e+00
 2.0000000000000000e+00
 4.0000000000000000e+00
 0.0000000000000000e+00
 3.0000000000000000e+00
 1.0000000000000000e+00
 7.0000000000000000e+00
 0.0000000000000000e+00
 2.0000000000000000e+00
 1.0000000000000000e+00
 6.0000000000000000e+00
 0.0000000000000000e+00
 4.0000000000000000e+00
 2.0000000000000000e+00
 1.0000000000000000e+00
 2.0000000000000000e+00
 4.0000000000000000e+00
 2.0000000000000000e+00
 4.0000000000000000e+00
 4.0000000000000000e+00
 2.0000000000000000e+00
 4.0000000000000000e+00
 3.0000000000000000e+00
 4.0000000000000000e+00
 1.0000000000000000e+00
 2.0000000000000000e+00
 2.0000000000000000e+00
 1.0000000000000000e+00
 4.0000000000000000e+00
 1.0000000000000000e+00
 2.0000000000000000e+00
 1.0000000000000000e+00
 1.0000000000000000e+00
 0.0000000000000000e+00
 2.0000000000000000e+00
 4.0000000000000000e+00
 3.0000000000000000e+00
 0.0000000000000000e+00
 1.0000000000000000e+00
 2.0000000000000000e+00
 1.0000000000000000e+00
 0.0000000000000000e+00
 4.0000000000000000e+00
 0.0000000000000000e+00
 1.0000000000000000e+00
 0.0000000000000000e+00
 0.0000000000000000e+00
 0.0000000000000000e+00
 1.0000000000000000e+00
 0.0000000000000000e+00
 0.0000000000000000e+00
 1.0000000000000000e+00
 2.0000000000000000e+00
 1.0000000000000000e+00
 0.0000000000000000e+00
 3.0000000000000000e+00
 2.0000000000000000e+00
 0.0000000000000000e+00
 1.0000000000000000e+00
 0.0000000000000000e+00
 5.0000000000000000e+00
 1.0000000000000000e+00
 2.0000000000000000e+00
 0.0000000000000000e+00
 1.0000000000000000e+00
 1.0000000000000000e+00
 0.0000000000000000e+00
 1.0000000000000000e+00
 0.0000000000000000e+00
 0.0000000000000000e+00
 1.0000000000000000e+00
 0.0000000000000000e+00
 1.0000000000000000e+00
 0.0000000000000000e+00
 0.0000000000000000e+00
 0.0000000000000000e+00
 0.0000000000000000e+00
 0.0000000000000000e+00
 1.0000000000000000e+00
 1.0000000000000000e+00
 2.0000000000000000e+00
 5.0000000000000000e+00
 0.0000000000000000e+00
 0.0000000000000000e+00
 1.0000000000000000e+00
 0.0000000000000000e+00
 1.0000000000000000e+00
 1.0000000000000000e+00
 0.0000000000000000e+00
 0.0000000000000000e+00
 0.0000000000000000e+00
 0.0000000000000000e+00
 1.0000000000000000e+00
 1.0000000000000000e+00
 1.0000000000000000e+00
 0.0000000000000000e+00
 0.0000000000000000e+00
 1.0000000000000000e+00
 0.0000000000000000e+00
 0.0000000000000000e+00
 0.0000000000000000e+00
 0.0000000000000000e+00
 0.0000000000000000e+00
 0.0000000000000000e+00
 0.0000000000000000e+00
 0.0000000000000000e+00
 0.0000000000000000e+00
 0.0000000000000000e+00
 0.0000000000000000e+00
 0.0000000000000000e+00
 0.0000000000000000e+00
 0.0000000000000000e+00
 0.0000000000000000e+00
 0.0000000000000000e+00
 0.0000000000000000e+00
 0.0000000000000000e+00
 0.0000000000000000e+00
 0.0000000000000000e+00
 0.0000000000000000e+00
 0.0000000000000000e+00
 1.0000000000000000e+00
 0.0000000000000000e+00
 0.0000000000000000e+00
 2.0000000000000000e+00
 1.0000000000000000e+00
 0.0000000000000000e+00
 0.0000000000000000e+00
 0.0000000000000000e+00
 0.0000000000000000e+00
 0.0000000000000000e+00
 0.0000000000000000e+00
 0.0000000000000000e+00
 0.0000000000000000e+00
 0.0000000000000000e+00
 1.0000000000000000e+00
 1.0000000000000000e+00
 0.0000000000000000e+00
 0.0000000000000000e+00
 0.0000000000000000e+00
 0.0000000000000000e+00
 1.0000000000000000e+00
 0.0000000000000000e+00
 0.0000000000000000e+00
 0.0000000000000000e+00
 0.0000000000000000e+00
 0.0000000000000000e+00
 0.0000000000000000e+00
 0.0000000000000000e+00
 0.0000000000000000e+00
 0.0000000000000000e+00
 0.0000000000000000e+00
 0.0000000000000000e+00
 1.0000000000000000e+00
 0.0000000000000000e+00
 0.0000000000000000e+00
 0.0000000000000000e+00
 0.0000000000000000e+00
 0.0000000000000000e+00
 0.0000000000000000e+00
 0.0000000000000000e+00
 0.0000000000000000e+00
 0.0000000000000000e+00
 0.0000000000000000e+00
 0.0000000000000000e+00
 0.0000000000000000e+00
 0.0000000000000000e+00
 0.0000000000000000e+00
 0.0000000000000000e+00
 0.0000000000000000e+00
 0.0000000000000000e+00
 0.0000000000000000e+00
 0.0000000000000000e+00
 0.0000000000000000e+00
 0.0000000000000000e+00
 0.0000000000000000e+00
 0.0000000000000000e+00
 1.0000000000000000e+00
 0.0000000000000000e+00
 0.0000000000000000e+00
 0.0000000000000000e+00
 0.0000000000000000e+00
# name: Vect_Pfa
# type: matrix
# rows: 500
# columns: 1
 1.0000000000000000e+00
 7.3799999999999999e-01
 6.2500000000000000e-01
 5.5059999999999998e-01
 4.9399999999999999e-01
 4.4379999999999997e-01
 4.0199999999999997e-01
 3.6279999999999996e-01
 3.2999999999999996e-01
 3.0019999999999997e-01
 2.7719999999999995e-01
 2.5379999999999997e-01
 2.3399999999999999e-01
 2.1359999999999998e-01
 1.9819999999999999e-01
 1.8400000000000000e-01
 1.6980000000000001e-01
 1.5780000000000000e-01
 1.4760000000000001e-01
 1.3860000000000000e-01
 1.3059999999999999e-01
 1.1980000000000000e-01
 1.1060000000000000e-01
 1.0120000000000000e-01
 9.3399999999999997e-02
 8.8200000000000001e-02
 8.0600000000000005e-02
 7.3800000000000004e-02
 6.8400000000000002e-02
 6.3399999999999998e-02
 5.9399999999999994e-02
 5.5399999999999991e-02
 5.2199999999999989e-02
 4.8599999999999990e-02
 4.5399999999999989e-02
 4.1599999999999991e-02
 3.9399999999999991e-02
 3.7999999999999992e-02
 3.3999999999999989e-02
 3.2599999999999990e-02
 2.9799999999999993e-02
 2.8399999999999995e-02
 2.6399999999999996e-02
 2.5199999999999997e-02
 2.4399999999999998e-02
 2.1999999999999999e-02
 1.9999999999999997e-02
 1.8599999999999998e-02
 1.7999999999999999e-02
 1.7200000000000000e-02
 1.7200000000000000e-02
 1.6199999999999999e-02
 1.4400000000000000e-02
 1.3800000000000000e-02
 1.2600000000000000e-02
 1.2200000000000001e-02
 1.1600000000000001e-02
 1.0000000000000000e-02
 9.4000000000000004e-03
 8.8000000000000005e-03
 8.0000000000000002e-03
 7.7999999999999996e-03
 7.7999999999999996e-03
 7.1999999999999998e-03
 6.1999999999999998e-03
 5.7999999999999996e-03
 5.3999999999999994e-03
 5.1999999999999998e-03
 5.1999999999999998e-03
 5.0000000000000001e-03
 4.4000000000000003e-03
 4.2000000000000006e-03
 3.4000000000000007e-03
 3.2000000000000006e-03
 3.0000000000000005e-03
 2.8000000000000004e-03
 2.6000000000000003e-03
 2.6000000000000003e-03
 2.0000000000000005e-03
 2.0000000000000005e-03
 1.8000000000000004e-03
 1.8000000000000004e-03
 1.8000000000000004e-03
 1.6000000000000003e-03
 1.6000000000000003e-03
 1.4000000000000002e-03
 1.4000000000000002e-03
 1.2000000000000001e-03
 1.2000000000000001e-03
 1.2000000000000001e-03
 1.2000000000000001e-03
 1.2000000000000001e-03
 1.2000000000000001e-03
 1.2000000000000001e-03
 1.2000000000000001e-03
 1.0000000000000000e-03
 1.0000000000000000e-03
 8.0000000000000004e-04
 8.0000000000000004e-04
 8.0000000000000004e-04
 8.0000000000000004e-04
 8.0000000000000004e-04
 6.0000000000000006e-04
 6.0000000000000006e-04
 6.0000000000000006e-04
 6.0000000000000006e-04
 6.0000000000000006e-04
 6.0000000000000006e-04
 6.0000000000000006e-04
 6.0000000000000006e-04
 6.0000000000000006e-04
 6.0000000000000006e-04
 6.0000000000000006e-04
 6.0000000000000006e-04
 6.0000000000000006e-04
 6.0000000000000006e-04
 6.0000000000000006e-04
 4.0000000000000002e-04
 4.0000000000000002e-04
 4.0000000000000002e-04
 4.0000000000000002e-04
 4.0000000000000002e-04
 4.0000000000000002e-04
 4.0000000000000002e-04
 4.0000000000000002e-04
 4.0000000000000002e-04
 4.0000000000000002e-04
 4.0000000000000002e-04
 4.0000000000000002e-04
 4.0000000000000002e-04
 4.0000000000000002e-04
 4.0000000000000002e-04
 2.0000000000000001e-04
 2.0000000000000001e-04
 2.0000000000000001e-04
 2.0000000000000001e-04
 2.0000000000000001e-04
 2.0000000000000001e-04
 2.0000000000000001e-04
 2.0000000000000001e-04
 2.0000000000000001e-04
 2.0000000000000001e-04
 2.0000000000000001e-04
 2.0000000000000001e-04
 2.0000000000000001e-04
 2.0000000000000001e-04
 2.0000000000000001e-04
 2.0000000000000001e-04
 2.0000000000000001e-04
 2.0000000000000001e-04
 2.0000000000000001e-04
 0.0000000000000000e+00
 0.0000000000000000e+00
 0.0000000000000000e+00
 0.0000000000000000e+00
 0.0000000000000000e+00
 0.0000000000000000e+00
 0.0000000000000000e+00
 0.0000000000000000e+00
 0.0000000000000000e+00
 0.0000000000000000e+00
 0.0000000000000000e+00
 0.0000000000000000e+00
 0.0000000000000000e+00
 0.0000000000000000e+00
 0.0000000000000000e+00
 0.0000000000000000e+00
 0.0000000000000000e+00
 0.0000000000000000e+00
 0.0000000000000000e+00
 0.0000000000000000e+00
 0.0000000000000000e+00
 0.0000000000000000e+00
 0.0000000000000000e+00
 0.0000000000000000e+00
 0.0000000000000000e+00
 0.0000000000000000e+00
 0.0000000000000000e+00
 0.0000000000000000e+00
 0.0000000000000000e+00
 0.0000000000000000e+00
 0.0000000000000000e+00
 0.0000000000000000e+00
 0.0000000000000000e+00
 0.0000000000000000e+00
 0.0000000000000000e+00
 0.0000000000000000e+00
 0.0000000000000000e+00
 0.0000000000000000e+00
 0.0000000000000000e+00
 0.0000000000000000e+00
 0.0000000000000000e+00
 0.0000000000000000e+00
 0.0000000000000000e+00
 0.0000000000000000e+00
 0.0000000000000000e+00
 0.0000000000000000e+00
 0.0000000000000000e+00
 0.0000000000000000e+00
 0.0000000000000000e+00
 0.0000000000000000e+00
 0.0000000000000000e+00
 0.0000000000000000e+00
 0.0000000000000000e+00
 0.0000000000000000e+00
 0.0000000000000000e+00
 0.0000000000000000e+00
 0.0000000000000000e+00
 0.0000000000000000e+00
 0.0000000000000000e+00
 0.0000000000000000e+00
 0.0000000000000000e+00
 0.0000000000000000e+00
 0.0000000000000000e+00
 0.0000000000000000e+00
 0.0000000000000000e+00
 0.0000000000000000e+00
 0.0000000000000000e+00
 0.0000000000000000e+00
 0.0000000000000000e+00
 0.0000000000000000e+00
 0.0000000000000000e+00
 0.0000000000000000e+00
 0.0000000000000000e+00
 0.0000000000000000e+00
 0.0000000000000000e+00
 0.0000000000000000e+00
 0.0000000000000000e+00
 0.0000000000000000e+00
 0.0000000000000000e+00
 0.0000000000000000e+00
 0.0000000000000000e+00
 0.0000000000000000e+00
 0.0000000000000000e+00
 0.0000000000000000e+00
 0.0000000000000000e+00
 0.0000000000000000e+00
 0.0000000000000000e+00
 0.0000000000000000e+00
 0.0000000000000000e+00
 0.0000000000000000e+00
 0.0000000000000000e+00
 0.0000000000000000e+00
 0.0000000000000000e+00
 0.0000000000000000e+00
 0.0000000000000000e+00
 0.0000000000000000e+00
 0.0000000000000000e+00
 0.0000000000000000e+00
 0.0000000000000000e+00
 0.0000000000000000e+00
 0.0000000000000000e+00
 0.0000000000000000e+00
 0.0000000000000000e+00
 0.0000000000000000e+00
 0.0000000000000000e+00
 0.0000000000000000e+00
 0.0000000000000000e+00
 0.0000000000000000e+00
 0.0000000000000000e+00
 0.0000000000000000e+00
 0.0000000000000000e+00
 0.0000000000000000e+00
 0.0000000000000000e+00
 0.0000000000000000e+00
 0.0000000000000000e+00
 0.0000000000000000e+00
 0.0000000000000000e+00
 0.0000000000000000e+00
 0.0000000000000000e+00
 0.0000000000000000e+00
 0.0000000000000000e+00
 0.0000000000000000e+00
 0.0000000000000000e+00
 0.0000000000000000e+00
 0.0000000000000000e+00
 0.0000000000000000e+00
 0.0000000000000000e+00
 0.0000000000000000e+00
 0.0000000000000000e+00
 0.0000000000000000e+00
 0.0000000000000000e+00
 0.0000000000000000e+00
 0.0000000000000000e+00
 0.0000000000000000e+00
 0.0000000000000000e+00
 0.0000000000000000e+00
 0.0000000000000000e+00
 0.0000000000000000e+00
 0.0000000000000000e+00
 0.0000000000000000e+00
 0.0000000000000000e+00
 0.0000000000000000e+00
 0.0000000000000000e+00
 0.0000000000000000e+00
 0.0000000000000000e+00
 0.0000000000000000e+00
 0.0000000000000000e+00
 0.0000000000000000e+00
 0.0000000000000000e+00
 0.0000000000000000e+00
 0.0000000000000000e+00
 0.0000000000000000e+00
 0.0000000000000000e+00
 0.0000000000000000e+00
 0.0000000000000000e+00
 0.0000000000000000e+00
 0.0000000000000000e+00
 0.0000000000000000e+00
 0.0000000000000000e+00
 0.0000000000000000e+00
 0.0000000000000000e+00
 0.0000000000000000e+00
 0.0000000000000000e+00
 0.0000000000000000e+00
 0.0000000000000000e+00
 0.0000000000000000e+00
 0.0000000000000000e+00
 0.0000000000000000e+00
 0.0000000000000000e+00
 0.0000000000000000e+00
 0.0000000000000000e+00
 0.0000000000000000e+00
 0.0000000000000000e+00
 0.0000000000000000e+00
 0.0000000000000000e+00
 0.0000000000000000e+00
 0.0000000000000000e+00
 0.0000000000000000e+00
 0.0000000000000000e+00
 0.0000000000000000e+00
 0.0000000000000000e+00
 0.0000000000000000e+00
 0.0000000000000000e+00
 0.0000000000000000e+00
 0.0000000000000000e+00
 0.0000000000000000e+00
 0.0000000000000000e+00
 0.0000000000000000e+00
 0.0000000000000000e+00
 0.0000000000000000e+00
 0.0000000000000000e+00
 0.0000000000000000e+00
 0.0000000000000000e+00
 0.0000000000000000e+00
 0.0000000000000000e+00
 0.0000000000000000e+00
 0.0000000000000000e+00
 0.0000000000000000e+00
 0.0000000000000000e+00
 0.0000000000000000e+00
 0.0000000000000000e+00
 0.0000000000000000e+00
 0.0000000000000000e+00
 0.0000000000000000e+00
 0.0000000000000000e+00
 0.0000000000000000e+00
 0.0000000000000000e+00
 0.0000000000000000e+00
 0.0000000000000000e+00
 0.0000000000000000e+00
 0.0000000000000000e+00
 0.0000000000000000e+00
 0.0000000000000000e+00
 0.0000000000000000e+00
 0.0000000000000000e+00
 0.0000000000000000e+00
 0.0000000000000000e+00
 0.0000000000000000e+00
 0.0000000000000000e+00
 0.0000000000000000e+00
 0.0000000000000000e+00
 0.0000000000000000e+00
 0.0000000000000000e+00
 0.0000000000000000e+00
 0.0000000000000000e+00
 0.0000000000000000e+00
 0.0000000000000000e+00
 0.0000000000000000e+00
 0.0000000000000000e+00
 0.0000000000000000e+00
 0.0000000000000000e+00
 0.0000000000000000e+00
 0.0000000000000000e+00
 0.0000000000000000e+00
 0.0000000000000000e+00
 0.0000000000000000e+00
 0.0000000000000000e+00
 0.0000000000000000e+00
 0.0000000000000000e+00
 0.0000000000000000e+00
 0.0000000000000000e+00
 0.0000000000000000e+00
 0.0000000000000000e+00
 0.0000000000000000e+00
 0.0000000000000000e+00
 0.0000000000000000e+00
 0.0000000000000000e+00
 0.0000000000000000e+00
 0.0000000000000000e+00
 0.0000000000000000e+00
 0.0000000000000000e+00
 0.0000000000000000e+00
 0.0000000000000000e+00
 0.0000000000000000e+00
 0.0000000000000000e+00
 0.0000000000000000e+00
 0.0000000000000000e+00
 0.0000000000000000e+00
 0.0000000000000000e+00
 0.0000000000000000e+00
 0.0000000000000000e+00
 0.0000000000000000e+00
 0.0000000000000000e+00
 0.0000000000000000e+00
 0.0000000000000000e+00
 0.0000000000000000e+00
 0.0000000000000000e+00
 0.0000000000000000e+00
 0.0000000000000000e+00
 0.0000000000000000e+00
 0.0000000000000000e+00
 0.0000000000000000e+00
 0.0000000000000000e+00
 0.0000000000000000e+00
 0.0000000000000000e+00
 0.0000000000000000e+00
 0.0000000000000000e+00
 0.0000000000000000e+00
 0.0000000000000000e+00
 0.0000000000000000e+00
 0.0000000000000000e+00
 0.0000000000000000e+00
 0.0000000000000000e+00
 0.0000000000000000e+00
 0.0000000000000000e+00
 0.0000000000000000e+00
 0.0000000000000000e+00
 0.0000000000000000e+00
 0.0000000000000000e+00
 0.0000000000000000e+00
 0.0000000000000000e+00
 0.0000000000000000e+00
 0.0000000000000000e+00
 0.0000000000000000e+00
 0.0000000000000000e+00
 0.0000000000000000e+00
 0.0000000000000000e+00
 0.0000000000000000e+00
 0.0000000000000000e+00
 0.0000000000000000e+00
 0.0000000000000000e+00
 0.0000000000000000e+00
 0.0000000000000000e+00
 0.0000000000000000e+00
 0.0000000000000000e+00
 0.0000000000000000e+00
 0.0000000000000000e+00
 0.0000000000000000e+00
 0.0000000000000000e+00
 0.0000000000000000e+00
 0.0000000000000000e+00
 0.0000000000000000e+00
 0.0000000000000000e+00
 0.0000000000000000e+00
 0.0000000000000000e+00
 0.0000000000000000e+00
 0.0000000000000000e+00
 0.0000000000000000e+00
 0.0000000000000000e+00
 0.0000000000000000e+00
 0.0000000000000000e+00
 0.0000000000000000e+00
 0.0000000000000000e+00
 0.0000000000000000e+00
 0.0000000000000000e+00
 0.0000000000000000e+00
 0.0000000000000000e+00
 0.0000000000000000e+00
 0.0000000000000000e+00
 0.0000000000000000e+00
 0.0000000000000000e+00
 0.0000000000000000e+00
 0.0000000000000000e+00
 0.0000000000000000e+00
 0.0000000000000000e+00
 0.0000000000000000e+00
 0.0000000000000000e+00
 0.0000000000000000e+00
 0.0000000000000000e+00
 0.0000000000000000e+00
 0.0000000000000000e+00
 0.0000000000000000e+00
 0.0000000000000000e+00
 0.0000000000000000e+00
 0.0000000000000000e+00
 0.0000000000000000e+00
 0.0000000000000000e+00
 0.0000000000000000e+00
 0.0000000000000000e+00
# name: Vect_Pd
# type: matrix
# rows: 500
# columns: 1
 9.9980000000000069e-01
 9.9980000000000069e-01
 9.9980000000000069e-01
 9.9980000000000069e-01
 9.9980000000000069e-01
 9.9960000000000071e-01
 9.9960000000000071e-01
 9.9960000000000071e-01
 9.9960000000000071e-01
 9.9960000000000071e-01
 9.9960000000000071e-01
 9.9960000000000071e-01
 9.9940000000000073e-01
 9.9860000000000071e-01
 9.9840000000000073e-01
 9.9840000000000073e-01
 9.9820000000000075e-01
 9.9780000000000080e-01
 9.9740000000000084e-01
 9.9720000000000086e-01
 9.9680000000000091e-01
 9.9660000000000093e-01
 9.9660000000000093e-01
 9.9640000000000095e-01
 9.9580000000000091e-01
 9.9540000000000095e-01
 9.9460000000000093e-01
 9.9400000000000088e-01
 9.9320000000000086e-01
 9.9240000000000084e-01
 9.9220000000000086e-01
 9.9160000000000081e-01
 9.9120000000000086e-01
 9.8980000000000090e-01
 9.8920000000000086e-01
 9.8800000000000088e-01
 9.8720000000000085e-01
 9.8620000000000085e-01
 9.8500000000000087e-01
 9.8480000000000090e-01
 9.8440000000000094e-01
 9.8360000000000092e-01
 9.8300000000000087e-01
 9.8240000000000083e-01
 9.8180000000000078e-01
 9.7980000000000078e-01
 9.7800000000000076e-01
 9.7720000000000073e-01
 9.7560000000000069e-01
 9.7320000000000073e-01
 9.7040000000000071e-01
 9.6860000000000068e-01
 9.6760000000000068e-01
 9.6660000000000068e-01
 9.6540000000000070e-01
 9.6340000000000070e-01
 9.6100000000000074e-01
 9.5920000000000072e-01
 9.5680000000000076e-01
 9.5480000000000076e-01
 9.5240000000000080e-01
 9.4880000000000075e-01
 9.4660000000000077e-01
 9.4400000000000073e-01
 9.4120000000000070e-01
 9.3860000000000066e-01
 9.3600000000000061e-01
 9.3420000000000059e-01
 9.3100000000000060e-01
 9.2820000000000058e-01
 9.2520000000000058e-01
 9.2160000000000053e-01
 9.1820000000000057e-01
 9.1480000000000061e-01
 9.1060000000000063e-01
 9.0660000000000063e-01
 9.0340000000000065e-01
 8.9680000000000060e-01
 8.9280000000000059e-01
 8.8980000000000059e-01
 8.8720000000000054e-01
 8.8240000000000052e-01
 8.7680000000000047e-01
 8.7140000000000051e-01
 8.6720000000000053e-01
 8.6340000000000050e-01
 8.6040000000000050e-01
 8.5480000000000045e-01
 8.5020000000000040e-01
 8.4640000000000037e-01
 8.4140000000000037e-01
 8.3700000000000041e-01
 8.3220000000000038e-01
 8.2700000000000040e-01
 8.2080000000000042e-01
 8.1540000000000046e-01
 8.0900000000000050e-01
 8.0360000000000054e-01
 8.0000000000000049e-01
 7.9560000000000053e-01
 7.9100000000000048e-01
 7.8640000000000043e-01
 7.8140000000000043e-01
 7.7580000000000038e-01
 7.6980000000000037e-01
 7.6500000000000035e-01
 7.6020000000000032e-01
 7.5500000000000034e-01
 7.4900000000000033e-01
 7.4400000000000033e-01
 7.3820000000000030e-01
 7.3060000000000025e-01
 7.2500000000000020e-01
 7.1960000000000024e-01
 7.1620000000000028e-01
 7.0840000000000025e-01
 7.0340000000000025e-01
 6.9980000000000020e-01
 6.9520000000000015e-01
 6.9000000000000017e-01
 6.8400000000000016e-01
 6.7840000000000011e-01
 6.7480000000000007e-01
 6.6920000000000002e-01
 6.6480000000000006e-01
 6.5820000000000001e-01
 6.5300000000000002e-01
 6.4620000000000000e-01
 6.4019999999999999e-01
 6.3559999999999994e-01
 6.3079999999999992e-01
 6.2579999999999991e-01
 6.2019999999999986e-01
 6.1579999999999990e-01
 6.0979999999999990e-01
 6.0419999999999985e-01
 5.9759999999999980e-01
 5.9119999999999984e-01
 5.8499999999999985e-01
 5.7859999999999989e-01
 5.7319999999999993e-01
 5.6779999999999997e-01
 5.6140000000000001e-01
 5.5520000000000003e-01
 5.5059999999999998e-01
 5.4499999999999993e-01
 5.3819999999999990e-01
 5.3279999999999994e-01
 5.2539999999999998e-01
 5.1959999999999995e-01
 5.1439999999999997e-01
 5.0900000000000001e-01
 5.0519999999999998e-01
 4.9820000000000003e-01
 4.9380000000000002e-01
 4.8520000000000002e-01
 4.8139999999999999e-01
 4.7659999999999997e-01
 4.7059999999999996e-01
 4.6639999999999998e-01
 4.6199999999999997e-01
 4.5679999999999998e-01
 4.5100000000000001e-01
 4.4420000000000004e-01
 4.3860000000000005e-01
 4.3420000000000003e-01
 4.3000000000000005e-01
 4.2380000000000007e-01
 4.1900000000000004e-01
 4.1420000000000001e-01
 4.0939999999999999e-01
 4.0520000000000000e-01
 3.9840000000000003e-01
 3.9520000000000005e-01
 3.9000000000000007e-01
 3.8560000000000005e-01
 3.7980000000000003e-01
 3.7560000000000004e-01
 3.7000000000000005e-01
 3.6520000000000002e-01
 3.6200000000000004e-01
 3.5780000000000006e-01
 3.5300000000000004e-01
 3.4960000000000002e-01
 3.4379999999999999e-01
 3.4039999999999998e-01
 3.3479999999999999e-01
 3.2939999999999997e-01
 3.2339999999999997e-01
 3.1859999999999994e-01
 3.1479999999999991e-01
 3.1079999999999991e-01
 3.0679999999999991e-01
 3.0239999999999989e-01
 2.9719999999999991e-01
 2.9119999999999990e-01
 2.8539999999999993e-01
 2.8039999999999993e-01
 2.7539999999999992e-01
 2.6979999999999993e-01
 2.6399999999999990e-01
 2.5979999999999992e-01
 2.5399999999999995e-01
 2.4939999999999996e-01
 2.4719999999999995e-01
 2.4279999999999996e-01
 2.3939999999999997e-01
 2.3539999999999997e-01
 2.3239999999999997e-01
 2.2879999999999998e-01
 2.2519999999999998e-01
 2.2139999999999999e-01
 2.1759999999999999e-01
 2.1400000000000000e-01
 2.0999999999999999e-01
 2.0660000000000001e-01
 2.0360000000000000e-01
 2.0140000000000000e-01
 1.9919999999999999e-01
 1.9619999999999999e-01
 1.9319999999999998e-01
 1.9099999999999998e-01
 1.8719999999999998e-01
 1.8439999999999998e-01
 1.8239999999999998e-01
 1.7939999999999998e-01
 1.7639999999999997e-01
 1.7279999999999998e-01
 1.6899999999999998e-01
 1.6560000000000000e-01
 1.6300000000000001e-01
 1.6059999999999999e-01
 1.5919999999999998e-01
 1.5559999999999999e-01
 1.5300000000000000e-01
 1.5020000000000000e-01
 1.4779999999999999e-01
 1.4579999999999999e-01
 1.4179999999999998e-01
 1.3999999999999999e-01
 1.3719999999999999e-01
 1.3380000000000000e-01
 1.3120000000000001e-01
 1.2940000000000002e-01
 1.2720000000000001e-01
 1.2520000000000001e-01
 1.2400000000000001e-01
 1.2180000000000002e-01
 1.2080000000000002e-01
 1.1880000000000002e-01
 1.1660000000000002e-01
 1.1400000000000002e-01
 1.1240000000000001e-01
 1.1060000000000002e-01
 1.0880000000000002e-01
 1.0620000000000002e-01
 1.0440000000000002e-01
 1.0260000000000002e-01
 1.0020000000000003e-01
 9.7600000000000020e-02
 9.6000000000000016e-02
 9.5400000000000013e-02
 9.4000000000000014e-02
 9.2800000000000007e-02
 9.1600000000000001e-02
 8.9999999999999997e-02
 8.8599999999999998e-02
 8.7399999999999992e-02
 8.5399999999999990e-02
 8.3599999999999994e-02
 8.1799999999999998e-02
 7.9600000000000004e-02
 7.6800000000000007e-02
 7.5800000000000006e-02
 7.4800000000000005e-02
 7.3599999999999999e-02
 7.1800000000000003e-02
 7.0599999999999996e-02
 6.9800000000000001e-02
 6.7799999999999999e-02
 6.6199999999999995e-02
 6.4799999999999996e-02
 6.3399999999999998e-02
 6.0999999999999999e-02
 5.9600000000000000e-02
 5.8999999999999997e-02
 5.7599999999999998e-02
 5.6200000000000000e-02
 5.5000000000000000e-02
 5.3800000000000001e-02
 5.2400000000000002e-02
 5.0800000000000005e-02
 4.9600000000000005e-02
 4.8200000000000007e-02
 4.7000000000000007e-02
 4.6000000000000006e-02
 4.5400000000000003e-02
 4.4400000000000002e-02
 4.3600000000000000e-02
 4.2400000000000000e-02
 4.1799999999999997e-02
 4.0999999999999995e-02
 4.0399999999999991e-02
 3.9999999999999994e-02
 3.9399999999999991e-02
 3.8799999999999987e-02
 3.7999999999999985e-02
 3.7599999999999988e-02
 3.6399999999999988e-02
 3.5199999999999988e-02
 3.4999999999999989e-02
 3.4799999999999991e-02
 3.4399999999999993e-02
 3.3399999999999992e-02
 3.2799999999999989e-02
 3.1799999999999988e-02
 3.1399999999999990e-02
 3.0799999999999991e-02
 2.9599999999999991e-02
 2.9399999999999992e-02
 2.8799999999999992e-02
 2.8399999999999991e-02
 2.7599999999999993e-02
 2.7599999999999993e-02
 2.6999999999999993e-02
 2.6799999999999994e-02
 2.5399999999999995e-02
 2.5399999999999995e-02
 2.4999999999999994e-02
 2.4799999999999996e-02
 2.3599999999999996e-02
 2.3599999999999996e-02
 2.2799999999999997e-02
 2.2399999999999996e-02
 2.2199999999999998e-02
 2.1799999999999996e-02
 2.0999999999999998e-02
 2.0599999999999997e-02
 1.9799999999999998e-02
 1.9000000000000000e-02
 1.8599999999999998e-02
 1.7800000000000000e-02
 1.7200000000000000e-02
 1.6400000000000001e-02
 1.6200000000000003e-02
 1.5800000000000002e-02
 1.5400000000000000e-02
 1.5200000000000000e-02
 1.4400000000000000e-02
 1.4199999999999999e-02
 1.3800000000000000e-02
 1.3599999999999999e-02
 1.3399999999999999e-02
 1.3399999999999999e-02
 1.2999999999999999e-02
 1.2199999999999999e-02
 1.1599999999999999e-02
 1.1599999999999999e-02
 1.1399999999999999e-02
 1.0999999999999999e-02
 1.0799999999999999e-02
 1.0799999999999999e-02
 9.9999999999999985e-03
 9.9999999999999985e-03
 9.7999999999999979e-03
 9.7999999999999979e-03
 9.7999999999999979e-03
 9.7999999999999979e-03
 9.5999999999999974e-03
 9.5999999999999974e-03
 9.5999999999999974e-03
 9.3999999999999969e-03
 8.9999999999999976e-03
 8.7999999999999971e-03
 8.7999999999999971e-03
 8.1999999999999972e-03
 7.7999999999999979e-03
 7.7999999999999979e-03
 7.5999999999999983e-03
 7.5999999999999983e-03
 6.5999999999999982e-03
 6.3999999999999986e-03
 5.9999999999999984e-03
 5.9999999999999984e-03
 5.7999999999999987e-03
 5.5999999999999991e-03
 5.5999999999999991e-03
 5.3999999999999994e-03
 5.3999999999999994e-03
 5.3999999999999994e-03
 5.1999999999999998e-03
 5.1999999999999998e-03
 5.0000000000000001e-03
 5.0000000000000001e-03
 5.0000000000000001e-03
 5.0000000000000001e-03
 5.0000000000000001e-03
 5.0000000000000001e-03
 4.8000000000000004e-03
 4.6000000000000008e-03
 4.2000000000000006e-03
 3.2000000000000006e-03
 3.2000000000000006e-03
 3.2000000000000006e-03
 3.0000000000000005e-03
 3.0000000000000005e-03
 2.8000000000000004e-03
 2.6000000000000003e-03
 2.6000000000000003e-03
 2.6000000000000003e-03
 2.6000000000000003e-03
 2.6000000000000003e-03
 2.4000000000000002e-03
 2.2000000000000001e-03
 2.0000000000000000e-03
 2.0000000000000000e-03
 2.0000000000000000e-03
 1.8000000000000002e-03
 1.8000000000000002e-03
 1.8000000000000002e-03
 1.8000000000000002e-03
 1.8000000000000002e-03
 1.8000000000000002e-03
 1.8000000000000002e-03
 1.8000000000000002e-03
 1.8000000000000002e-03
 1.8000000000000002e-03
 1.8000000000000002e-03
 1.8000000000000002e-03
 1.8000000000000002e-03
 1.8000000000000002e-03
 1.8000000000000002e-03
 1.8000000000000002e-03
 1.8000000000000002e-03
 1.8000000000000002e-03
 1.8000000000000002e-03
 1.8000000000000002e-03
 1.8000000000000002e-03
 1.8000000000000002e-03
 1.8000000000000002e-03
 1.6000000000000001e-03
 1.6000000000000001e-03
 1.6000000000000001e-03
 1.2000000000000001e-03
 1.0000000000000000e-03
 1.0000000000000000e-03
 1.0000000000000000e-03
 1.0000000000000000e-03
 1.0000000000000000e-03
 1.0000000000000000e-03
 1.0000000000000000e-03
 1.0000000000000000e-03
 1.0000000000000000e-03
 1.0000000000000000e-03
 8.0000000000000004e-04
 6.0000000000000006e-04
 6.0000000000000006e-04
 6.0000000000000006e-04
 6.0000000000000006e-04
 6.0000000000000006e-04
 4.0000000000000002e-04
 4.0000000000000002e-04
 4.0000000000000002e-04
 4.0000000000000002e-04
 4.0000000000000002e-04
 4.0000000000000002e-04
 4.0000000000000002e-04
 4.0000000000000002e-04
 4.0000000000000002e-04
 4.0000000000000002e-04
 4.0000000000000002e-04
 4.0000000000000002e-04
 2.0000000000000001e-04
 2.0000000000000001e-04
 2.0000000000000001e-04
 2.0000000000000001e-04
 2.0000000000000001e-04
 2.0000000000000001e-04
 2.0000000000000001e-04
 2.0000000000000001e-04
 2.0000000000000001e-04
 2.0000000000000001e-04
 2.0000000000000001e-04
 2.0000000000000001e-04
 2.0000000000000001e-04
 2.0000000000000001e-04
 2.0000000000000001e-04
 2.0000000000000001e-04
 2.0000000000000001e-04
 2.0000000000000001e-04
 2.0000000000000001e-04
 2.0000000000000001e-04
 2.0000000000000001e-04
 2.0000000000000001e-04
 2.0000000000000001e-04
 2.0000000000000001e-04
 0.0000000000000000e+00
 0.0000000000000000e+00
 0.0000000000000000e+00
 0.0000000000000000e+00
