# Created by Physics and Images Processing Group 
# name: Abs
# type: matrix
# rows: 500
# columns: 1
 -4.3145558282343572e+01
 -4.2978549836022815e+01
 -4.2811541389702050e+01
 -4.2644532943381293e+01
 -4.2477524497060529e+01
 -4.2310516050739771e+01
 -4.2143507604419007e+01
 -4.1976499158098250e+01
 -4.1809490711777485e+01
 -4.1642482265456728e+01
 -4.1475473819135964e+01
 -4.1308465372815206e+01
 -4.1141456926494442e+01
 -4.0974448480173685e+01
 -4.0807440033852927e+01
 -4.0640431587532163e+01
 -4.0473423141211406e+01
 -4.0306414694890641e+01
 -4.0139406248569884e+01
 -3.9972397802249120e+01
 -3.9805389355928362e+01
 -3.9638380909607598e+01
 -3.9471372463286841e+01
 -3.9304364016966076e+01
 -3.9137355570645319e+01
 -3.8970347124324554e+01
 -3.8803338678003797e+01
 -3.8636330231683033e+01
 -3.8469321785362276e+01
 -3.8302313339041518e+01
 -3.8135304892720754e+01
 -3.7968296446399997e+01
 -3.7801288000079232e+01
 -3.7634279553758475e+01
 -3.7467271107437710e+01
 -3.7300262661116953e+01
 -3.7133254214796189e+01
 -3.6966245768475432e+01
 -3.6799237322154667e+01
 -3.6632228875833910e+01
 -3.6465220429513145e+01
 -3.6298211983192388e+01
 -3.6131203536871624e+01
 -3.5964195090550866e+01
 -3.5797186644230109e+01
 -3.5630178197909345e+01
 -3.5463169751588588e+01
 -3.5296161305267823e+01
 -3.5129152858947066e+01
 -3.4962144412626301e+01
 -3.4795135966305544e+01
 -3.4628127519984780e+01
 -3.4461119073664022e+01
 -3.4294110627343258e+01
 -3.4127102181022501e+01
 -3.3960093734701744e+01
 -3.3793085288380979e+01
 -3.3626076842060215e+01
 -3.3459068395739457e+01
 -3.3292059949418700e+01
 -3.3125051503097936e+01
 -3.2958043056777178e+01
 -3.2791034610456414e+01
 -3.2624026164135657e+01
 -3.2457017717814892e+01
 -3.2290009271494135e+01
 -3.2123000825173371e+01
 -3.1955992378852613e+01
 -3.1788983932531853e+01
 -3.1621975486211092e+01
 -3.1454967039890331e+01
 -3.1287958593569570e+01
 -3.1120950147248809e+01
 -3.0953941700928048e+01
 -3.0786933254607288e+01
 -3.0619924808286527e+01
 -3.0452916361965769e+01
 -3.0285907915645005e+01
 -3.0118899469324248e+01
 -2.9951891023003483e+01
 -2.9784882576682726e+01
 -2.9617874130361962e+01
 -2.9450865684041204e+01
 -2.9283857237720444e+01
 -2.9116848791399683e+01
 -2.8949840345078922e+01
 -2.8782831898758161e+01
 -2.8615823452437400e+01
 -2.8448815006116639e+01
 -2.8281806559795882e+01
 -2.8114798113475118e+01
 -2.7947789667154360e+01
 -2.7780781220833596e+01
 -2.7613772774512839e+01
 -2.7446764328192074e+01
 -2.7279755881871317e+01
 -2.7112747435550556e+01
 -2.6945738989229795e+01
 -2.6778730542909035e+01
 -2.6611722096588274e+01
 -2.6444713650267513e+01
 -2.6277705203946752e+01
 -2.6110696757625991e+01
 -2.5943688311305230e+01
 -2.5776679864984470e+01
 -2.5609671418663709e+01
 -2.5442662972342948e+01
 -2.5275654526022191e+01
 -2.5108646079701430e+01
 -2.4941637633380669e+01
 -2.4774629187059908e+01
 -2.4607620740739147e+01
 -2.4440612294418386e+01
 -2.4273603848097626e+01
 -2.4106595401776865e+01
 -2.3939586955456104e+01
 -2.3772578509135343e+01
 -2.3605570062814582e+01
 -2.3438561616493821e+01
 -2.3271553170173060e+01
 -2.3104544723852300e+01
 -2.2937536277531542e+01
 -2.2770527831210781e+01
 -2.2603519384890021e+01
 -2.2436510938569260e+01
 -2.2269502492248499e+01
 -2.2102494045927738e+01
 -2.1935485599606977e+01
 -2.1768477153286216e+01
 -2.1601468706965456e+01
 -2.1434460260644695e+01
 -2.1267451814323934e+01
 -2.1100443368003173e+01
 -2.0933434921682412e+01
 -2.0766426475361651e+01
 -2.0599418029040891e+01
 -2.0432409582720133e+01
 -2.0265401136399372e+01
 -2.0098392690078612e+01
 -1.9931384243757851e+01
 -1.9764375797437090e+01
 -1.9597367351116329e+01
 -1.9430358904795568e+01
 -1.9263350458474807e+01
 -1.9096342012154047e+01
 -1.8929333565833286e+01
 -1.8762325119512525e+01
 -1.8595316673191764e+01
 -1.8428308226871003e+01
 -1.8261299780550242e+01
 -1.8094291334229485e+01
 -1.7927282887908724e+01
 -1.7760274441587963e+01
 -1.7593265995267203e+01
 -1.7426257548946442e+01
 -1.7259249102625681e+01
 -1.7092240656304920e+01
 -1.6925232209984159e+01
 -1.6758223763663398e+01
 -1.6591215317342638e+01
 -1.6424206871021877e+01
 -1.6257198424701116e+01
 -1.6090189978380355e+01
 -1.5923181532059594e+01
 -1.5756173085738837e+01
 -1.5589164639418076e+01
 -1.5422156193097315e+01
 -1.5255147746776554e+01
 -1.5088139300455794e+01
 -1.4921130854135033e+01
 -1.4754122407814272e+01
 -1.4587113961493511e+01
 -1.4420105515172750e+01
 -1.4253097068851989e+01
 -1.4086088622531229e+01
 -1.3919080176210468e+01
 -1.3752071729889707e+01
 -1.3585063283568946e+01
 -1.3418054837248189e+01
 -1.3251046390927428e+01
 -1.3084037944606667e+01
 -1.2917029498285906e+01
 -1.2750021051965145e+01
 -1.2583012605644385e+01
 -1.2416004159323624e+01
 -1.2248995713002863e+01
 -1.2081987266682102e+01
 -1.1914978820361341e+01
 -1.1747970374040580e+01
 -1.1580961927719819e+01
 -1.1413953481399059e+01
 -1.1246945035078298e+01
 -1.1079936588757541e+01
 -1.0912928142436776e+01
 -1.0745919696116019e+01
 -1.0578911249795254e+01
 -1.0411902803474497e+01
 -1.0244894357153733e+01
 -1.0077885910832975e+01
 -9.9108774645122111e+00
 -9.7438690181914538e+00
 -9.5768605718706965e+00
 -9.4098521255499321e+00
 -9.2428436792291748e+00
 -9.0758352329084104e+00
 -8.9088267865876531e+00
 -8.7418183402668888e+00
 -8.5748098939461315e+00
 -8.4078014476253671e+00
 -8.2407930013046098e+00
 -8.0737845549838454e+00
 -7.9067761086630881e+00
 -7.7397676623423237e+00
 -7.5727592160215664e+00
 -7.4057507697008091e+00
 -7.2387423233800448e+00
 -7.0717338770592875e+00
 -6.9047254307385231e+00
 -6.7377169844177658e+00
 -6.5707085380970014e+00
 -6.4037000917762441e+00
 -6.2366916454554797e+00
 -6.0696831991347224e+00
 -5.9026747528139580e+00
 -5.7356663064932008e+00
 -5.5686578601724364e+00
 -5.4016494138516791e+00
 -5.2346409675309147e+00
 -5.0676325212101574e+00
 -4.9006240748894001e+00
 -4.7336156285686357e+00
 -4.5666071822478784e+00
 -4.3995987359271140e+00
 -4.2325902896063567e+00
 -4.0655818432855924e+00
 -3.8985733969648351e+00
 -3.7315649506440707e+00
 -3.5645565043233134e+00
 -3.3975480580025490e+00
 -3.2305396116817917e+00
 -3.0635311653610273e+00
 -2.8965227190402700e+00
 -2.7295142727195127e+00
 -2.5625058263987484e+00
 -2.3954973800779911e+00
 -2.2284889337572267e+00
 -2.0614804874364694e+00
 -1.8944720411157050e+00
 -1.7274635947949477e+00
 -1.5604551484741833e+00
 -1.3934467021534260e+00
 -1.2264382558326616e+00
 -1.0594298095119044e+00
 -8.9242136319113996e-01
 -7.2541291687038267e-01
 -5.5840447054961828e-01
 -3.9139602422886099e-01
 -2.2438757790810371e-01
 -5.7379131587339316e-02
 1.0962931473341797e-01
 2.7663776105418236e-01
 4.4364620737493965e-01
 6.1065465369570404e-01
 7.7766310001646133e-01
 9.4467154633722572e-01
 1.1116799926579830e+00
 1.2786884389787474e+00
 1.4456968852995047e+00
 1.6127053316202691e+00
 1.7797137779410264e+00
 1.9467222242617908e+00
 2.1137306705825480e+00
 2.2807391169033053e+00
 2.4477475632240697e+00
 2.6147560095448270e+00
 2.7817644558655914e+00
 2.9487729021863487e+00
 3.1157813485071131e+00
 3.2827897948278704e+00
 3.4497982411486348e+00
 3.6168066874693920e+00
 3.7838151337901564e+00
 3.9508235801109137e+00
 4.1178320264316781e+00
 4.2848404727524354e+00
 4.4518489190731927e+00
 4.6188573653939571e+00
 4.7858658117147144e+00
 4.9528742580354788e+00
 5.1198827043562360e+00
 5.2868911506770004e+00
 5.4538995969977577e+00
 5.6209080433185221e+00
 5.7879164896392794e+00
 5.9549249359600438e+00
 6.1219333822808011e+00
 6.2889418286015655e+00
 6.4559502749223228e+00
 6.6229587212430872e+00
 6.7899671675638444e+00
 6.9569756138846017e+00
 7.1239840602053661e+00
 7.2909925065261234e+00
 7.4580009528468878e+00
 7.6250093991676451e+00
 7.7920178454884095e+00
 7.9590262918091668e+00
 8.1260347381299312e+00
 8.2930431844506884e+00
 8.4600516307714528e+00
 8.6270600770922101e+00
 8.7940685234129745e+00
 8.9610769697337318e+00
 9.1280854160544891e+00
 9.2950938623752535e+00
 9.4621023086960108e+00
 9.6291107550167752e+00
 9.7961192013375324e+00
 9.9631276476582968e+00
 1.0130136093979054e+01
 1.0297144540299819e+01
 1.0464152986620576e+01
 1.0631161432941340e+01
 1.0798169879262097e+01
 1.0965178325582862e+01
 1.1132186771903619e+01
 1.1299195218224384e+01
 1.1466203664545141e+01
 1.1633212110865898e+01
 1.1800220557186663e+01
 1.1967229003507420e+01
 1.2134237449828184e+01
 1.2301245896148941e+01
 1.2468254342469706e+01
 1.2635262788790463e+01
 1.2802271235111228e+01
 1.2969279681431985e+01
 1.3136288127752749e+01
 1.3303296574073507e+01
 1.3470305020394271e+01
 1.3637313466715028e+01
 1.3804321913035793e+01
 1.3971330359356550e+01
 1.4138338805677307e+01
 1.4305347251998072e+01
 1.4472355698318829e+01
 1.4639364144639593e+01
 1.4806372590960351e+01
 1.4973381037281115e+01
 1.5140389483601872e+01
 1.5307397929922637e+01
 1.5474406376243394e+01
 1.5641414822564158e+01
 1.5808423268884916e+01
 1.5975431715205680e+01
 1.6142440161526437e+01
 1.6309448607847195e+01
 1.6476457054167959e+01
 1.6643465500488716e+01
 1.6810473946809481e+01
 1.6977482393130238e+01
 1.7144490839451002e+01
 1.7311499285771760e+01
 1.7478507732092524e+01
 1.7645516178413281e+01
 1.7812524624734046e+01
 1.7979533071054803e+01
 1.8146541517375567e+01
 1.8313549963696325e+01
 1.8480558410017089e+01
 1.8647566856337846e+01
 1.8814575302658604e+01
 1.8981583748979368e+01
 1.9148592195300125e+01
 1.9315600641620890e+01
 1.9482609087941647e+01
 1.9649617534262411e+01
 1.9816625980583169e+01
 1.9983634426903933e+01
 2.0150642873224690e+01
 2.0317651319545455e+01
 2.0484659765866212e+01
 2.0651668212186976e+01
 2.0818676658507734e+01
 2.0985685104828491e+01
 2.1152693551149255e+01
 2.1319701997470020e+01
 2.1486710443790770e+01
 2.1653718890111534e+01
 2.1820727336432299e+01
 2.1987735782753063e+01
 2.2154744229073813e+01
 2.2321752675394578e+01
 2.2488761121715342e+01
 2.2655769568036106e+01
 2.2822778014356857e+01
 2.2989786460677621e+01
 2.3156794906998385e+01
 2.3323803353319150e+01
 2.3490811799639900e+01
 2.3657820245960664e+01
 2.3824828692281429e+01
 2.3991837138602179e+01
 2.4158845584922943e+01
 2.4325854031243708e+01
 2.4492862477564472e+01
 2.4659870923885222e+01
 2.4826879370205987e+01
 2.4993887816526751e+01
 2.5160896262847515e+01
 2.5327904709168266e+01
 2.5494913155489030e+01
 2.5661921601809794e+01
 2.5828930048130545e+01
 2.5995938494451309e+01
 2.6162946940772073e+01
 2.6329955387092838e+01
 2.6496963833413588e+01
 2.6663972279734352e+01
 2.6830980726055117e+01
 2.6997989172375881e+01
 2.7164997618696631e+01
 2.7332006065017396e+01
 2.7499014511338160e+01
 2.7666022957658924e+01
 2.7833031403979675e+01
 2.8000039850300439e+01
 2.8167048296621203e+01
 2.8334056742941954e+01
 2.8501065189262718e+01
 2.8668073635583482e+01
 2.8835082081904247e+01
 2.9002090528224997e+01
 2.9169098974545761e+01
 2.9336107420866526e+01
 2.9503115867187290e+01
 2.9670124313508040e+01
 2.9837132759828805e+01
 3.0004141206149569e+01
 3.0171149652470334e+01
 3.0338158098791084e+01
 3.0505166545111848e+01
 3.0672174991432613e+01
 3.0839183437753363e+01
 3.1006191884074127e+01
 3.1173200330394891e+01
 3.1340208776715656e+01
 3.1507217223036406e+01
 3.1674225669357170e+01
 3.1841234115677935e+01
 3.2008242561998699e+01
 3.2175251008319449e+01
 3.2342259454640214e+01
 3.2509267900960978e+01
 3.2676276347281743e+01
 3.2843284793602493e+01
 3.3010293239923257e+01
 3.3177301686244022e+01
 3.3344310132564772e+01
 3.3511318578885536e+01
 3.3678327025206301e+01
 3.3845335471527065e+01
 3.4012343917847815e+01
 3.4179352364168579e+01
 3.4346360810489344e+01
 3.4513369256810108e+01
 3.4680377703130858e+01
 3.4847386149451623e+01
 3.5014394595772387e+01
 3.5181403042093152e+01
 3.5348411488413902e+01
 3.5515419934734666e+01
 3.5682428381055431e+01
 3.5849436827376181e+01
 3.6016445273696945e+01
 3.6183453720017710e+01
 3.6350462166338474e+01
 3.6517470612659224e+01
 3.6684479058979989e+01
 3.6851487505300753e+01
 3.7018495951621517e+01
 3.7185504397942267e+01
 3.7352512844263032e+01
 3.7519521290583796e+01
 3.7686529736904546e+01
 3.7853538183225311e+01
 3.8020546629546075e+01
 3.8187555075866840e+01
 3.8354563522187590e+01
 3.8521571968508354e+01
 3.8688580414829119e+01
 3.8855588861149883e+01
 3.9022597307470633e+01
 3.9189605753791398e+01
 3.9356614200112162e+01
 3.9523622646432926e+01
 3.9690631092753677e+01
 3.9857639539074441e+01
 4.0024647985395205e+01
 4.0191656431715955e+01
# name: Hist_H0
# type: matrix
# rows: 500
# columns: 1
 1.0000000000000000e+00
 0.0000000000000000e+00
 0.0000000000000000e+00
 0.0000000000000000e+00
 0.0000000000000000e+00
 1.0000000000000000e+00
 0.0000000000000000e+00
 0.0000000000000000e+00
 0.0000000000000000e+00
 0.0000000000000000e+00
 0.0000000000000000e+00
 0.0000000000000000e+00
 0.0000000000000000e+00
 1.0000000000000000e+00
 0.0000000000000000e+00
 1.0000000000000000e+00
 0.0000000000000000e+00
 1.0000000000000000e+00
 0.0000000000000000e+00
 0.0000000000000000e+00
 1.0000000000000000e+00
 0.0000000000000000e+00
 0.0000000000000000e+00
 0.0000000000000000e+00
 0.0000000000000000e+00
 1.0000000000000000e+00
 1.0000000000000000e+00
 0.0000000000000000e+00
 0.0000000000000000e+00
 1.0000000000000000e+00
 0.0000000000000000e+00
 1.0000000000000000e+00
 0.0000000000000000e+00
 1.0000000000000000e+00
 2.0000000000000000e+00
 0.0000000000000000e+00
 0.0000000000000000e+00
 0.0000000000000000e+00
 1.0000000000000000e+00
 1.0000000000000000e+00
 2.0000000000000000e+00
 0.0000000000000000e+00
 2.0000000000000000e+00
 1.0000000000000000e+00
 2.0000000000000000e+00
 5.0000000000000000e+00
 2.0000000000000000e+00
 0.0000000000000000e+00
 4.0000000000000000e+00
 2.0000000000000000e+00
 2.0000000000000000e+00
 3.0000000000000000e+00
 1.0000000000000000e+00
 5.0000000000000000e+00
 7.0000000000000000e+00
 3.0000000000000000e+00
 1.0000000000000000e+00
 5.0000000000000000e+00
 5.0000000000000000e+00
 6.0000000000000000e+00
 5.0000000000000000e+00
 1.0000000000000000e+00
 6.0000000000000000e+00
 1.1000000000000000e+01
 7.0000000000000000e+00
 5.0000000000000000e+00
 4.0000000000000000e+00
 6.0000000000000000e+00
 8.0000000000000000e+00
 8.0000000000000000e+00
 1.0000000000000000e+01
 1.0000000000000000e+01
 1.1000000000000000e+01
 1.4000000000000000e+01
 8.0000000000000000e+00
 1.1000000000000000e+01
 1.4000000000000000e+01
 1.4000000000000000e+01
 1.6000000000000000e+01
 9.0000000000000000e+00
 1.3000000000000000e+01
 1.5000000000000000e+01
 1.8000000000000000e+01
 1.9000000000000000e+01
 1.5000000000000000e+01
 1.4000000000000000e+01
 1.5000000000000000e+01
 2.1000000000000000e+01
 1.7000000000000000e+01
 2.1000000000000000e+01
 1.8000000000000000e+01
 1.9000000000000000e+01
 1.8000000000000000e+01
 2.3000000000000000e+01
 1.8000000000000000e+01
 2.4000000000000000e+01
 1.9000000000000000e+01
 3.0000000000000000e+01
 2.4000000000000000e+01
 2.2000000000000000e+01
 3.6000000000000000e+01
 3.1000000000000000e+01
 4.8000000000000000e+01
 3.5000000000000000e+01
 3.3000000000000000e+01
 3.2000000000000000e+01
 4.0000000000000000e+01
 3.9000000000000000e+01
 4.3000000000000000e+01
 4.5000000000000000e+01
 2.8000000000000000e+01
 3.1000000000000000e+01
 3.7000000000000000e+01
 3.5000000000000000e+01
 4.7000000000000000e+01
 4.7000000000000000e+01
 4.8000000000000000e+01
 4.0000000000000000e+01
 4.7000000000000000e+01
 5.0000000000000000e+01
 3.2000000000000000e+01
 5.9000000000000000e+01
 4.7000000000000000e+01
 5.6000000000000000e+01
 4.0000000000000000e+01
 5.3000000000000000e+01
 5.6000000000000000e+01
 5.2000000000000000e+01
 5.7000000000000000e+01
 5.6000000000000000e+01
 5.8000000000000000e+01
 6.0000000000000000e+01
 5.3000000000000000e+01
 6.1000000000000000e+01
 4.7000000000000000e+01
 5.5000000000000000e+01
 5.7000000000000000e+01
 4.5000000000000000e+01
 5.2000000000000000e+01
 6.1000000000000000e+01
 6.1000000000000000e+01
 5.5000000000000000e+01
 7.4000000000000000e+01
 5.3000000000000000e+01
 6.6000000000000000e+01
 5.5000000000000000e+01
 4.2000000000000000e+01
 5.9000000000000000e+01
 4.4000000000000000e+01
 5.2000000000000000e+01
 4.2000000000000000e+01
 3.7000000000000000e+01
 4.8000000000000000e+01
 6.4000000000000000e+01
 5.5000000000000000e+01
 4.3000000000000000e+01
 4.5000000000000000e+01
 4.5000000000000000e+01
 4.5000000000000000e+01
 5.0000000000000000e+01
 4.4000000000000000e+01
 4.3000000000000000e+01
 4.6000000000000000e+01
 4.5000000000000000e+01
 3.6000000000000000e+01
 4.6000000000000000e+01
 3.4000000000000000e+01
 3.1000000000000000e+01
 4.1000000000000000e+01
 3.7000000000000000e+01
 4.8000000000000000e+01
 3.6000000000000000e+01
 3.8000000000000000e+01
 3.7000000000000000e+01
 3.8000000000000000e+01
 3.3000000000000000e+01
 2.6000000000000000e+01
 2.6000000000000000e+01
 3.4000000000000000e+01
 3.1000000000000000e+01
 3.0000000000000000e+01
 2.7000000000000000e+01
 2.6000000000000000e+01
 2.1000000000000000e+01
 2.6000000000000000e+01
 2.2000000000000000e+01
 3.5000000000000000e+01
 2.4000000000000000e+01
 1.9000000000000000e+01
 1.9000000000000000e+01
 2.2000000000000000e+01
 2.5000000000000000e+01
 1.8000000000000000e+01
 1.9000000000000000e+01
 2.0000000000000000e+01
 1.4000000000000000e+01
 1.7000000000000000e+01
 2.2000000000000000e+01
 1.6000000000000000e+01
 1.1000000000000000e+01
 2.1000000000000000e+01
 1.8000000000000000e+01
 1.1000000000000000e+01
 1.5000000000000000e+01
 1.5000000000000000e+01
 1.1000000000000000e+01
 1.5000000000000000e+01
 7.0000000000000000e+00
 1.1000000000000000e+01
 1.5000000000000000e+01
 1.3000000000000000e+01
 4.0000000000000000e+00
 4.0000000000000000e+00
 4.0000000000000000e+00
 6.0000000000000000e+00
 1.0000000000000000e+01
 2.0000000000000000e+00
 7.0000000000000000e+00
 7.0000000000000000e+00
 3.0000000000000000e+00
 3.0000000000000000e+00
 4.0000000000000000e+00
 3.0000000000000000e+00
 7.0000000000000000e+00
 7.0000000000000000e+00
 8.0000000000000000e+00
 6.0000000000000000e+00
 7.0000000000000000e+00
 5.0000000000000000e+00
 1.0000000000000000e+00
 2.0000000000000000e+00
 3.0000000000000000e+00
 3.0000000000000000e+00
 0.0000000000000000e+00
 3.0000000000000000e+00
 1.0000000000000000e+00
 3.0000000000000000e+00
 1.0000000000000000e+00
 2.0000000000000000e+00
 2.0000000000000000e+00
 1.0000000000000000e+00
 5.0000000000000000e+00
 3.0000000000000000e+00
 2.0000000000000000e+00
 0.0000000000000000e+00
 2.0000000000000000e+00
 2.0000000000000000e+00
 1.0000000000000000e+00
 0.0000000000000000e+00
 0.0000000000000000e+00
 0.0000000000000000e+00
 2.0000000000000000e+00
 0.0000000000000000e+00
 0.0000000000000000e+00
 0.0000000000000000e+00
 2.0000000000000000e+00
 1.0000000000000000e+00
 0.0000000000000000e+00
 0.0000000000000000e+00
 0.0000000000000000e+00
 0.0000000000000000e+00
 1.0000000000000000e+00
 1.0000000000000000e+00
 0.0000000000000000e+00
 0.0000000000000000e+00
 1.0000000000000000e+00
 0.0000000000000000e+00
 0.0000000000000000e+00
 0.0000000000000000e+00
 1.0000000000000000e+00
 0.0000000000000000e+00
 0.0000000000000000e+00
 0.0000000000000000e+00
 0.0000000000000000e+00
 0.0000000000000000e+00
 0.0000000000000000e+00
 0.0000000000000000e+00
 0.0000000000000000e+00
 0.0000000000000000e+00
 0.0000000000000000e+00
 0.0000000000000000e+00
 0.0000000000000000e+00
 0.0000000000000000e+00
 0.0000000000000000e+00
 0.0000000000000000e+00
 0.0000000000000000e+00
 1.0000000000000000e+00
 0.0000000000000000e+00
 0.0000000000000000e+00
 0.0000000000000000e+00
 0.0000000000000000e+00
 0.0000000000000000e+00
 1.0000000000000000e+00
 0.0000000000000000e+00
 0.0000000000000000e+00
 1.0000000000000000e+00
 0.0000000000000000e+00
 0.0000000000000000e+00
 0.0000000000000000e+00
 1.0000000000000000e+00
 0.0000000000000000e+00
 0.0000000000000000e+00
 0.0000000000000000e+00
 0.0000000000000000e+00
 0.0000000000000000e+00
 0.0000000000000000e+00
 0.0000000000000000e+00
 0.0000000000000000e+00
 0.0000000000000000e+00
 0.0000000000000000e+00
 0.0000000000000000e+00
 0.0000000000000000e+00
 0.0000000000000000e+00
 0.0000000000000000e+00
 0.0000000000000000e+00
 0.0000000000000000e+00
 0.0000000000000000e+00
 0.0000000000000000e+00
 0.0000000000000000e+00
 0.0000000000000000e+00
 0.0000000000000000e+00
 0.0000000000000000e+00
 0.0000000000000000e+00
 0.0000000000000000e+00
 0.0000000000000000e+00
 0.0000000000000000e+00
 0.0000000000000000e+00
 0.0000000000000000e+00
 0.0000000000000000e+00
 0.0000000000000000e+00
 0.0000000000000000e+00
 0.0000000000000000e+00
 0.0000000000000000e+00
 0.0000000000000000e+00
 0.0000000000000000e+00
 0.0000000000000000e+00
 0.0000000000000000e+00
 0.0000000000000000e+00
 0.0000000000000000e+00
 0.0000000000000000e+00
 0.0000000000000000e+00
 0.0000000000000000e+00
 0.0000000000000000e+00
 0.0000000000000000e+00
 0.0000000000000000e+00
 0.0000000000000000e+00
 0.0000000000000000e+00
 0.0000000000000000e+00
 0.0000000000000000e+00
 0.0000000000000000e+00
 0.0000000000000000e+00
 0.0000000000000000e+00
 0.0000000000000000e+00
 0.0000000000000000e+00
 0.0000000000000000e+00
 0.0000000000000000e+00
 0.0000000000000000e+00
 0.0000000000000000e+00
 0.0000000000000000e+00
 0.0000000000000000e+00
 0.0000000000000000e+00
 0.0000000000000000e+00
 0.0000000000000000e+00
 0.0000000000000000e+00
 0.0000000000000000e+00
 0.0000000000000000e+00
 0.0000000000000000e+00
 0.0000000000000000e+00
 0.0000000000000000e+00
 0.0000000000000000e+00
 0.0000000000000000e+00
 0.0000000000000000e+00
 0.0000000000000000e+00
 0.0000000000000000e+00
 0.0000000000000000e+00
 0.0000000000000000e+00
 0.0000000000000000e+00
 0.0000000000000000e+00
 0.0000000000000000e+00
 0.0000000000000000e+00
 0.0000000000000000e+00
 0.0000000000000000e+00
 0.0000000000000000e+00
 0.0000000000000000e+00
 0.0000000000000000e+00
 0.0000000000000000e+00
 0.0000000000000000e+00
 0.0000000000000000e+00
 0.0000000000000000e+00
 0.0000000000000000e+00
 0.0000000000000000e+00
 0.0000000000000000e+00
 0.0000000000000000e+00
 0.0000000000000000e+00
 0.0000000000000000e+00
 0.0000000000000000e+00
 0.0000000000000000e+00
 0.0000000000000000e+00
 0.0000000000000000e+00
 0.0000000000000000e+00
 0.0000000000000000e+00
 0.0000000000000000e+00
 0.0000000000000000e+00
 0.0000000000000000e+00
 0.0000000000000000e+00
 0.0000000000000000e+00
 0.0000000000000000e+00
 0.0000000000000000e+00
 0.0000000000000000e+00
 0.0000000000000000e+00
 0.0000000000000000e+00
 0.0000000000000000e+00
 0.0000000000000000e+00
 0.0000000000000000e+00
 0.0000000000000000e+00
 0.0000000000000000e+00
 0.0000000000000000e+00
 0.0000000000000000e+00
 0.0000000000000000e+00
 0.0000000000000000e+00
 0.0000000000000000e+00
 0.0000000000000000e+00
 0.0000000000000000e+00
 0.0000000000000000e+00
 0.0000000000000000e+00
 0.0000000000000000e+00
 0.0000000000000000e+00
 0.0000000000000000e+00
 0.0000000000000000e+00
 0.0000000000000000e+00
 0.0000000000000000e+00
 0.0000000000000000e+00
 0.0000000000000000e+00
 0.0000000000000000e+00
 0.0000000000000000e+00
 0.0000000000000000e+00
 0.0000000000000000e+00
 0.0000000000000000e+00
 0.0000000000000000e+00
 0.0000000000000000e+00
 0.0000000000000000e+00
 0.0000000000000000e+00
 0.0000000000000000e+00
 0.0000000000000000e+00
 0.0000000000000000e+00
 0.0000000000000000e+00
 0.0000000000000000e+00
 0.0000000000000000e+00
 0.0000000000000000e+00
 0.0000000000000000e+00
 0.0000000000000000e+00
 0.0000000000000000e+00
 0.0000000000000000e+00
 0.0000000000000000e+00
 0.0000000000000000e+00
 0.0000000000000000e+00
 0.0000000000000000e+00
 0.0000000000000000e+00
 0.0000000000000000e+00
 0.0000000000000000e+00
 0.0000000000000000e+00
 0.0000000000000000e+00
 0.0000000000000000e+00
 0.0000000000000000e+00
 0.0000000000000000e+00
 0.0000000000000000e+00
 0.0000000000000000e+00
 0.0000000000000000e+00
 0.0000000000000000e+00
 0.0000000000000000e+00
 0.0000000000000000e+00
 0.0000000000000000e+00
 0.0000000000000000e+00
 0.0000000000000000e+00
 0.0000000000000000e+00
 0.0000000000000000e+00
 0.0000000000000000e+00
 0.0000000000000000e+00
 0.0000000000000000e+00
 0.0000000000000000e+00
 0.0000000000000000e+00
 0.0000000000000000e+00
 0.0000000000000000e+00
 0.0000000000000000e+00
 0.0000000000000000e+00
 0.0000000000000000e+00
 0.0000000000000000e+00
 0.0000000000000000e+00
 0.0000000000000000e+00
 0.0000000000000000e+00
 0.0000000000000000e+00
 0.0000000000000000e+00
 0.0000000000000000e+00
 0.0000000000000000e+00
 0.0000000000000000e+00
 0.0000000000000000e+00
 0.0000000000000000e+00
 0.0000000000000000e+00
 0.0000000000000000e+00
 0.0000000000000000e+00
# name: Hist_H1
# type: matrix
# rows: 500
# columns: 1
 0.0000000000000000e+00
 0.0000000000000000e+00
 0.0000000000000000e+00
 0.0000000000000000e+00
 0.0000000000000000e+00
 0.0000000000000000e+00
 0.0000000000000000e+00
 0.0000000000000000e+00
 0.0000000000000000e+00
 0.0000000000000000e+00
 0.0000000000000000e+00
 0.0000000000000000e+00
 0.0000000000000000e+00
 0.0000000000000000e+00
 0.0000000000000000e+00
 0.0000000000000000e+00
 0.0000000000000000e+00
 0.0000000000000000e+00
 0.0000000000000000e+00
 0.0000000000000000e+00
 0.0000000000000000e+00
 0.0000000000000000e+00
 0.0000000000000000e+00
 0.0000000000000000e+00
 0.0000000000000000e+00
 0.0000000000000000e+00
 0.0000000000000000e+00
 0.0000000000000000e+00
 0.0000000000000000e+00
 0.0000000000000000e+00
 0.0000000000000000e+00
 0.0000000000000000e+00
 0.0000000000000000e+00
 0.0000000000000000e+00
 0.0000000000000000e+00
 0.0000000000000000e+00
 0.0000000000000000e+00
 0.0000000000000000e+00
 0.0000000000000000e+00
 0.0000000000000000e+00
 0.0000000000000000e+00
 0.0000000000000000e+00
 0.0000000000000000e+00
 0.0000000000000000e+00
 0.0000000000000000e+00
 0.0000000000000000e+00
 0.0000000000000000e+00
 0.0000000000000000e+00
 0.0000000000000000e+00
 0.0000000000000000e+00
 0.0000000000000000e+00
 0.0000000000000000e+00
 0.0000000000000000e+00
 0.0000000000000000e+00
 0.0000000000000000e+00
 0.0000000000000000e+00
 0.0000000000000000e+00
 0.0000000000000000e+00
 0.0000000000000000e+00
 0.0000000000000000e+00
 0.0000000000000000e+00
 0.0000000000000000e+00
 0.0000000000000000e+00
 0.0000000000000000e+00
 0.0000000000000000e+00
 0.0000000000000000e+00
 0.0000000000000000e+00
 0.0000000000000000e+00
 0.0000000000000000e+00
 0.0000000000000000e+00
 0.0000000000000000e+00
 0.0000000000000000e+00
 0.0000000000000000e+00
 0.0000000000000000e+00
 0.0000000000000000e+00
 0.0000000000000000e+00
 0.0000000000000000e+00
 0.0000000000000000e+00
 0.0000000000000000e+00
 0.0000000000000000e+00
 0.0000000000000000e+00
 0.0000000000000000e+00
 0.0000000000000000e+00
 0.0000000000000000e+00
 0.0000000000000000e+00
 0.0000000000000000e+00
 0.0000000000000000e+00
 0.0000000000000000e+00
 0.0000000000000000e+00
 0.0000000000000000e+00
 0.0000000000000000e+00
 0.0000000000000000e+00
 0.0000000000000000e+00
 0.0000000000000000e+00
 0.0000000000000000e+00
 0.0000000000000000e+00
 0.0000000000000000e+00
 0.0000000000000000e+00
 0.0000000000000000e+00
 0.0000000000000000e+00
 0.0000000000000000e+00
 0.0000000000000000e+00
 0.0000000000000000e+00
 0.0000000000000000e+00
 0.0000000000000000e+00
 0.0000000000000000e+00
 0.0000000000000000e+00
 0.0000000000000000e+00
 0.0000000000000000e+00
 0.0000000000000000e+00
 0.0000000000000000e+00
 0.0000000000000000e+00
 0.0000000000000000e+00
 0.0000000000000000e+00
 0.0000000000000000e+00
 0.0000000000000000e+00
 0.0000000000000000e+00
 0.0000000000000000e+00
 0.0000000000000000e+00
 0.0000000000000000e+00
 0.0000000000000000e+00
 0.0000000000000000e+00
 0.0000000000000000e+00
 0.0000000000000000e+00
 0.0000000000000000e+00
 0.0000000000000000e+00
 0.0000000000000000e+00
 0.0000000000000000e+00
 0.0000000000000000e+00
 0.0000000000000000e+00
 0.0000000000000000e+00
 0.0000000000000000e+00
 0.0000000000000000e+00
 0.0000000000000000e+00
 0.0000000000000000e+00
 0.0000000000000000e+00
 0.0000000000000000e+00
 0.0000000000000000e+00
 0.0000000000000000e+00
 0.0000000000000000e+00
 0.0000000000000000e+00
 0.0000000000000000e+00
 0.0000000000000000e+00
 0.0000000000000000e+00
 0.0000000000000000e+00
 0.0000000000000000e+00
 0.0000000000000000e+00
 0.0000000000000000e+00
 0.0000000000000000e+00
 0.0000000000000000e+00
 0.0000000000000000e+00
 0.0000000000000000e+00
 0.0000000000000000e+00
 0.0000000000000000e+00
 0.0000000000000000e+00
 0.0000000000000000e+00
 0.0000000000000000e+00
 0.0000000000000000e+00
 0.0000000000000000e+00
 0.0000000000000000e+00
 0.0000000000000000e+00
 0.0000000000000000e+00
 0.0000000000000000e+00
 0.0000000000000000e+00
 0.0000000000000000e+00
 0.0000000000000000e+00
 0.0000000000000000e+00
 0.0000000000000000e+00
 0.0000000000000000e+00
 0.0000000000000000e+00
 0.0000000000000000e+00
 0.0000000000000000e+00
 0.0000000000000000e+00
 0.0000000000000000e+00
 0.0000000000000000e+00
 0.0000000000000000e+00
 0.0000000000000000e+00
 0.0000000000000000e+00
 0.0000000000000000e+00
 0.0000000000000000e+00
 0.0000000000000000e+00
 0.0000000000000000e+00
 0.0000000000000000e+00
 0.0000000000000000e+00
 0.0000000000000000e+00
 0.0000000000000000e+00
 0.0000000000000000e+00
 0.0000000000000000e+00
 0.0000000000000000e+00
 0.0000000000000000e+00
 0.0000000000000000e+00
 0.0000000000000000e+00
 0.0000000000000000e+00
 0.0000000000000000e+00
 0.0000000000000000e+00
 0.0000000000000000e+00
 0.0000000000000000e+00
 0.0000000000000000e+00
 0.0000000000000000e+00
 0.0000000000000000e+00
 0.0000000000000000e+00
 0.0000000000000000e+00
 0.0000000000000000e+00
 0.0000000000000000e+00
 0.0000000000000000e+00
 0.0000000000000000e+00
 0.0000000000000000e+00
 0.0000000000000000e+00
 0.0000000000000000e+00
 0.0000000000000000e+00
 0.0000000000000000e+00
 0.0000000000000000e+00
 0.0000000000000000e+00
 0.0000000000000000e+00
 0.0000000000000000e+00
 0.0000000000000000e+00
 0.0000000000000000e+00
 0.0000000000000000e+00
 0.0000000000000000e+00
 0.0000000000000000e+00
 0.0000000000000000e+00
 0.0000000000000000e+00
 0.0000000000000000e+00
 0.0000000000000000e+00
 0.0000000000000000e+00
 0.0000000000000000e+00
 0.0000000000000000e+00
 0.0000000000000000e+00
 0.0000000000000000e+00
 0.0000000000000000e+00
 0.0000000000000000e+00
 0.0000000000000000e+00
 0.0000000000000000e+00
 0.0000000000000000e+00
 0.0000000000000000e+00
 0.0000000000000000e+00
 0.0000000000000000e+00
 0.0000000000000000e+00
 0.0000000000000000e+00
 0.0000000000000000e+00
 0.0000000000000000e+00
 0.0000000000000000e+00
 0.0000000000000000e+00
 0.0000000000000000e+00
 0.0000000000000000e+00
 0.0000000000000000e+00
 0.0000000000000000e+00
 0.0000000000000000e+00
 0.0000000000000000e+00
 0.0000000000000000e+00
 1.0000000000000000e+00
 0.0000000000000000e+00
 0.0000000000000000e+00
 1.0000000000000000e+00
 1.0000000000000000e+00
 1.0000000000000000e+00
 0.0000000000000000e+00
 1.0000000000000000e+00
 0.0000000000000000e+00
 0.0000000000000000e+00
 0.0000000000000000e+00
 0.0000000000000000e+00
 2.0000000000000000e+00
 0.0000000000000000e+00
 2.0000000000000000e+00
 0.0000000000000000e+00
 1.0000000000000000e+00
 2.0000000000000000e+00
 0.0000000000000000e+00
 0.0000000000000000e+00
 2.0000000000000000e+00
 0.0000000000000000e+00
 1.0000000000000000e+00
 0.0000000000000000e+00
 2.0000000000000000e+00
 2.0000000000000000e+00
 0.0000000000000000e+00
 1.0000000000000000e+00
 1.0000000000000000e+00
 1.0000000000000000e+00
 1.0000000000000000e+00
 1.0000000000000000e+00
 0.0000000000000000e+00
 2.0000000000000000e+00
 1.0000000000000000e+00
 2.0000000000000000e+00
 5.0000000000000000e+00
 0.0000000000000000e+00
 2.0000000000000000e+00
 2.0000000000000000e+00
 7.0000000000000000e+00
 0.0000000000000000e+00
 6.0000000000000000e+00
 3.0000000000000000e+00
 5.0000000000000000e+00
 8.0000000000000000e+00
 5.0000000000000000e+00
 6.0000000000000000e+00
 3.0000000000000000e+00
 6.0000000000000000e+00
 6.0000000000000000e+00
 1.0000000000000000e+01
 9.0000000000000000e+00
 1.1000000000000000e+01
 4.0000000000000000e+00
 6.0000000000000000e+00
 5.0000000000000000e+00
 8.0000000000000000e+00
 1.0000000000000000e+01
 1.2000000000000000e+01
 9.0000000000000000e+00
 1.5000000000000000e+01
 9.0000000000000000e+00
 1.6000000000000000e+01
 2.0000000000000000e+01
 1.5000000000000000e+01
 1.5000000000000000e+01
 1.6000000000000000e+01
 1.0000000000000000e+01
 1.7000000000000000e+01
 1.4000000000000000e+01
 1.4000000000000000e+01
 2.0000000000000000e+01
 2.1000000000000000e+01
 1.7000000000000000e+01
 2.0000000000000000e+01
 2.0000000000000000e+01
 1.8000000000000000e+01
 1.8000000000000000e+01
 2.1000000000000000e+01
 2.2000000000000000e+01
 1.5000000000000000e+01
 3.1000000000000000e+01
 2.3000000000000000e+01
 2.7000000000000000e+01
 2.7000000000000000e+01
 3.3000000000000000e+01
 3.1000000000000000e+01
 4.3000000000000000e+01
 2.6000000000000000e+01
 3.1000000000000000e+01
 3.8000000000000000e+01
 4.1000000000000000e+01
 2.8000000000000000e+01
 4.2000000000000000e+01
 4.6000000000000000e+01
 4.5000000000000000e+01
 4.1000000000000000e+01
 4.2000000000000000e+01
 4.8000000000000000e+01
 4.3000000000000000e+01
 4.0000000000000000e+01
 4.3000000000000000e+01
 4.1000000000000000e+01
 4.6000000000000000e+01
 5.5000000000000000e+01
 4.7000000000000000e+01
 4.5000000000000000e+01
 3.5000000000000000e+01
 5.1000000000000000e+01
 4.4000000000000000e+01
 5.6000000000000000e+01
 5.7000000000000000e+01
 5.3000000000000000e+01
 5.8000000000000000e+01
 4.7000000000000000e+01
 4.8000000000000000e+01
 3.7000000000000000e+01
 4.4000000000000000e+01
 5.7000000000000000e+01
 6.2000000000000000e+01
 5.4000000000000000e+01
 6.4000000000000000e+01
 4.8000000000000000e+01
 4.7000000000000000e+01
 5.5000000000000000e+01
 5.7000000000000000e+01
 6.0000000000000000e+01
 5.8000000000000000e+01
 6.5000000000000000e+01
 5.0000000000000000e+01
 4.9000000000000000e+01
 5.4000000000000000e+01
 5.2000000000000000e+01
 5.8000000000000000e+01
 4.9000000000000000e+01
 5.5000000000000000e+01
 5.8000000000000000e+01
 3.7000000000000000e+01
 4.3000000000000000e+01
 5.3000000000000000e+01
 4.5000000000000000e+01
 6.0000000000000000e+01
 5.0000000000000000e+01
 5.2000000000000000e+01
 4.0000000000000000e+01
 5.5000000000000000e+01
 4.4000000000000000e+01
 4.2000000000000000e+01
 4.0000000000000000e+01
 4.8000000000000000e+01
 3.5000000000000000e+01
 4.9000000000000000e+01
 4.9000000000000000e+01
 3.1000000000000000e+01
 4.4000000000000000e+01
 4.0000000000000000e+01
 3.2000000000000000e+01
 3.0000000000000000e+01
 3.4000000000000000e+01
 3.2000000000000000e+01
 3.4000000000000000e+01
 3.5000000000000000e+01
 3.5000000000000000e+01
 4.3000000000000000e+01
 2.9000000000000000e+01
 3.7000000000000000e+01
 3.5000000000000000e+01
 2.9000000000000000e+01
 2.1000000000000000e+01
 2.6000000000000000e+01
 2.2000000000000000e+01
 2.5000000000000000e+01
 2.4000000000000000e+01
 2.0000000000000000e+01
 2.8000000000000000e+01
 3.2000000000000000e+01
 1.4000000000000000e+01
 1.5000000000000000e+01
 2.4000000000000000e+01
 1.6000000000000000e+01
 1.2000000000000000e+01
 1.8000000000000000e+01
 1.4000000000000000e+01
 2.2000000000000000e+01
 2.6000000000000000e+01
 1.5000000000000000e+01
 6.0000000000000000e+00
 1.6000000000000000e+01
 1.8000000000000000e+01
 1.8000000000000000e+01
 1.0000000000000000e+01
 9.0000000000000000e+00
 1.0000000000000000e+01
 9.0000000000000000e+00
 9.0000000000000000e+00
 1.1000000000000000e+01
 1.1000000000000000e+01
 3.0000000000000000e+00
 1.2000000000000000e+01
 2.0000000000000000e+00
 8.0000000000000000e+00
 7.0000000000000000e+00
 5.0000000000000000e+00
 6.0000000000000000e+00
 4.0000000000000000e+00
 6.0000000000000000e+00
 6.0000000000000000e+00
 2.0000000000000000e+00
 6.0000000000000000e+00
 4.0000000000000000e+00
 6.0000000000000000e+00
 5.0000000000000000e+00
 4.0000000000000000e+00
 1.0000000000000000e+00
 4.0000000000000000e+00
 3.0000000000000000e+00
 3.0000000000000000e+00
 3.0000000000000000e+00
 0.0000000000000000e+00
 2.0000000000000000e+00
 1.0000000000000000e+00
 4.0000000000000000e+00
 0.0000000000000000e+00
 1.0000000000000000e+00
 1.0000000000000000e+00
 1.0000000000000000e+00
 1.0000000000000000e+00
 3.0000000000000000e+00
 0.0000000000000000e+00
 3.0000000000000000e+00
 1.0000000000000000e+00
 2.0000000000000000e+00
 0.0000000000000000e+00
 0.0000000000000000e+00
 0.0000000000000000e+00
 1.0000000000000000e+00
 0.0000000000000000e+00
 0.0000000000000000e+00
 0.0000000000000000e+00
 0.0000000000000000e+00
 0.0000000000000000e+00
 0.0000000000000000e+00
 0.0000000000000000e+00
 0.0000000000000000e+00
 0.0000000000000000e+00
 0.0000000000000000e+00
 0.0000000000000000e+00
 0.0000000000000000e+00
 0.0000000000000000e+00
# name: Vect_Pfa
# type: matrix
# rows: 500
# columns: 1
 9.9999999999999978e-01
 9.9979999999999980e-01
 9.9979999999999980e-01
 9.9979999999999980e-01
 9.9979999999999980e-01
 9.9979999999999980e-01
 9.9959999999999982e-01
 9.9959999999999982e-01
 9.9959999999999982e-01
 9.9959999999999982e-01
 9.9959999999999982e-01
 9.9959999999999982e-01
 9.9959999999999982e-01
 9.9959999999999982e-01
 9.9939999999999984e-01
 9.9939999999999984e-01
 9.9919999999999987e-01
 9.9919999999999987e-01
 9.9899999999999989e-01
 9.9899999999999989e-01
 9.9899999999999989e-01
 9.9879999999999991e-01
 9.9879999999999991e-01
 9.9879999999999991e-01
 9.9879999999999991e-01
 9.9879999999999991e-01
 9.9859999999999993e-01
 9.9839999999999995e-01
 9.9839999999999995e-01
 9.9839999999999995e-01
 9.9819999999999998e-01
 9.9819999999999998e-01
 9.9800000000000000e-01
 9.9800000000000000e-01
 9.9780000000000002e-01
 9.9740000000000006e-01
 9.9740000000000006e-01
 9.9740000000000006e-01
 9.9740000000000006e-01
 9.9720000000000009e-01
 9.9700000000000011e-01
 9.9660000000000015e-01
 9.9660000000000015e-01
 9.9620000000000020e-01
 9.9600000000000022e-01
 9.9560000000000026e-01
 9.9460000000000026e-01
 9.9420000000000031e-01
 9.9420000000000031e-01
 9.9340000000000028e-01
 9.9300000000000033e-01
 9.9260000000000037e-01
 9.9200000000000033e-01
 9.9180000000000035e-01
 9.9080000000000035e-01
 9.8940000000000039e-01
 9.8880000000000035e-01
 9.8860000000000037e-01
 9.8760000000000037e-01
 9.8660000000000037e-01
 9.8540000000000039e-01
 9.8440000000000039e-01
 9.8420000000000041e-01
 9.8300000000000043e-01
 9.8080000000000045e-01
 9.7940000000000049e-01
 9.7840000000000049e-01
 9.7760000000000047e-01
 9.7640000000000049e-01
 9.7480000000000044e-01
 9.7320000000000040e-01
 9.7120000000000040e-01
 9.6920000000000039e-01
 9.6700000000000041e-01
 9.6420000000000039e-01
 9.6260000000000034e-01
 9.6040000000000036e-01
 9.5760000000000034e-01
 9.5480000000000032e-01
 9.5160000000000033e-01
 9.4980000000000031e-01
 9.4720000000000026e-01
 9.4420000000000026e-01
 9.4060000000000021e-01
 9.3680000000000019e-01
 9.3380000000000019e-01
 9.3100000000000016e-01
 9.2800000000000016e-01
 9.2380000000000018e-01
 9.2040000000000022e-01
 9.1620000000000024e-01
 9.1260000000000019e-01
 9.0880000000000016e-01
 9.0520000000000012e-01
 9.0060000000000007e-01
 8.9700000000000002e-01
 8.9219999999999999e-01
 8.8839999999999997e-01
 8.8239999999999996e-01
 8.7759999999999994e-01
 8.7319999999999998e-01
 8.6599999999999999e-01
 8.5980000000000001e-01
 8.5019999999999996e-01
 8.4319999999999995e-01
 8.3659999999999990e-01
 8.3019999999999994e-01
 8.2219999999999993e-01
 8.1439999999999990e-01
 8.0579999999999985e-01
 7.9679999999999984e-01
 7.9119999999999979e-01
 7.8499999999999981e-01
 7.7759999999999985e-01
 7.7059999999999984e-01
 7.6119999999999988e-01
 7.5179999999999991e-01
 7.4219999999999986e-01
 7.3419999999999985e-01
 7.2479999999999989e-01
 7.1479999999999988e-01
 7.0839999999999992e-01
 6.9659999999999989e-01
 6.8719999999999992e-01
 6.7599999999999993e-01
 6.6799999999999993e-01
 6.5739999999999987e-01
 6.4619999999999989e-01
 6.3579999999999992e-01
 6.2439999999999996e-01
 6.1319999999999997e-01
 6.0160000000000002e-01
 5.8960000000000001e-01
 5.7899999999999996e-01
 5.6679999999999997e-01
 5.5740000000000001e-01
 5.4640000000000000e-01
 5.3500000000000003e-01
 5.2600000000000002e-01
 5.1560000000000006e-01
 5.0340000000000007e-01
 4.9120000000000003e-01
 4.8020000000000002e-01
 4.6540000000000004e-01
 4.5480000000000004e-01
 4.4160000000000005e-01
 4.3060000000000004e-01
 4.2220000000000002e-01
 4.1040000000000004e-01
 4.0160000000000007e-01
 3.9120000000000005e-01
 3.8280000000000003e-01
 3.7540000000000001e-01
 3.6580000000000001e-01
 3.5300000000000004e-01
 3.4200000000000003e-01
 3.3340000000000003e-01
 3.2440000000000002e-01
 3.1540000000000001e-01
 3.0640000000000001e-01
 2.9640000000000000e-01
 2.8760000000000002e-01
 2.7900000000000003e-01
 2.6980000000000004e-01
 2.6080000000000003e-01
 2.5360000000000005e-01
 2.4440000000000006e-01
 2.3760000000000006e-01
 2.3140000000000005e-01
 2.2320000000000004e-01
 2.1580000000000005e-01
 2.0620000000000005e-01
 1.9900000000000004e-01
 1.9140000000000004e-01
 1.8400000000000005e-01
 1.7640000000000006e-01
 1.6980000000000006e-01
 1.6460000000000005e-01
 1.5940000000000004e-01
 1.5260000000000004e-01
 1.4640000000000003e-01
 1.4040000000000002e-01
 1.3500000000000004e-01
 1.2980000000000003e-01
 1.2560000000000002e-01
 1.2040000000000002e-01
 1.1600000000000002e-01
 1.0900000000000001e-01
 1.0420000000000001e-01
 1.0040000000000002e-01
 9.6600000000000019e-02
 9.2200000000000018e-02
 8.7200000000000014e-02
 8.3600000000000008e-02
 7.9800000000000010e-02
 7.5800000000000006e-02
 7.3000000000000009e-02
 6.9600000000000009e-02
 6.5200000000000008e-02
 6.2000000000000006e-02
 5.9800000000000006e-02
 5.5600000000000004e-02
 5.2000000000000005e-02
 4.9800000000000004e-02
 4.6800000000000001e-02
 4.3799999999999999e-02
 4.1599999999999998e-02
 3.8599999999999995e-02
 3.7199999999999997e-02
 3.4999999999999996e-02
 3.1999999999999994e-02
 2.9399999999999992e-02
 2.8599999999999993e-02
 2.7799999999999995e-02
 2.6999999999999996e-02
 2.5799999999999997e-02
 2.3799999999999995e-02
 2.3399999999999994e-02
 2.1999999999999995e-02
 2.0599999999999997e-02
 1.9999999999999997e-02
 1.9399999999999997e-02
 1.8599999999999998e-02
 1.7999999999999999e-02
 1.6600000000000000e-02
 1.5200000000000000e-02
 1.3599999999999999e-02
 1.2400000000000000e-02
 1.0999999999999999e-02
 1.0000000000000000e-02
 9.7999999999999997e-03
 9.4000000000000004e-03
 8.8000000000000005e-03
 8.2000000000000007e-03
 8.2000000000000007e-03
 7.6000000000000000e-03
 7.4000000000000003e-03
 6.8000000000000005e-03
 6.6000000000000008e-03
 6.2000000000000006e-03
 5.8000000000000005e-03
 5.6000000000000008e-03
 4.6000000000000008e-03
 4.0000000000000010e-03
 3.6000000000000012e-03
 3.6000000000000012e-03
 3.2000000000000010e-03
 2.8000000000000008e-03
 2.6000000000000007e-03
 2.6000000000000007e-03
 2.6000000000000007e-03
 2.6000000000000007e-03
 2.2000000000000006e-03
 2.2000000000000006e-03
 2.2000000000000006e-03
 2.2000000000000006e-03
 1.8000000000000004e-03
 1.6000000000000003e-03
 1.6000000000000003e-03
 1.6000000000000003e-03
 1.6000000000000003e-03
 1.6000000000000003e-03
 1.4000000000000002e-03
 1.2000000000000001e-03
 1.2000000000000001e-03
 1.2000000000000001e-03
 1.0000000000000000e-03
 1.0000000000000000e-03
 1.0000000000000000e-03
 1.0000000000000000e-03
 8.0000000000000004e-04
 8.0000000000000004e-04
 8.0000000000000004e-04
 8.0000000000000004e-04
 8.0000000000000004e-04
 8.0000000000000004e-04
 8.0000000000000004e-04
 8.0000000000000004e-04
 8.0000000000000004e-04
 8.0000000000000004e-04
 8.0000000000000004e-04
 8.0000000000000004e-04
 8.0000000000000004e-04
 8.0000000000000004e-04
 8.0000000000000004e-04
 8.0000000000000004e-04
 8.0000000000000004e-04
 6.0000000000000006e-04
 6.0000000000000006e-04
 6.0000000000000006e-04
 6.0000000000000006e-04
 6.0000000000000006e-04
 6.0000000000000006e-04
 4.0000000000000002e-04
 4.0000000000000002e-04
 4.0000000000000002e-04
 2.0000000000000001e-04
 2.0000000000000001e-04
 2.0000000000000001e-04
 2.0000000000000001e-04
 0.0000000000000000e+00
 0.0000000000000000e+00
 0.0000000000000000e+00
 0.0000000000000000e+00
 0.0000000000000000e+00
 0.0000000000000000e+00
 0.0000000000000000e+00
 0.0000000000000000e+00
 0.0000000000000000e+00
 0.0000000000000000e+00
 0.0000000000000000e+00
 0.0000000000000000e+00
 0.0000000000000000e+00
 0.0000000000000000e+00
 0.0000000000000000e+00
 0.0000000000000000e+00
 0.0000000000000000e+00
 0.0000000000000000e+00
 0.0000000000000000e+00
 0.0000000000000000e+00
 0.0000000000000000e+00
 0.0000000000000000e+00
 0.0000000000000000e+00
 0.0000000000000000e+00
 0.0000000000000000e+00
 0.0000000000000000e+00
 0.0000000000000000e+00
 0.0000000000000000e+00
 0.0000000000000000e+00
 0.0000000000000000e+00
 0.0000000000000000e+00
 0.0000000000000000e+00
 0.0000000000000000e+00
 0.0000000000000000e+00
 0.0000000000000000e+00
 0.0000000000000000e+00
 0.0000000000000000e+00
 0.0000000000000000e+00
 0.0000000000000000e+00
 0.0000000000000000e+00
 0.0000000000000000e+00
 0.0000000000000000e+00
 0.0000000000000000e+00
 0.0000000000000000e+00
 0.0000000000000000e+00
 0.0000000000000000e+00
 0.0000000000000000e+00
 0.0000000000000000e+00
 0.0000000000000000e+00
 0.0000000000000000e+00
 0.0000000000000000e+00
 0.0000000000000000e+00
 0.0000000000000000e+00
 0.0000000000000000e+00
 0.0000000000000000e+00
 0.0000000000000000e+00
 0.0000000000000000e+00
 0.0000000000000000e+00
 0.0000000000000000e+00
 0.0000000000000000e+00
 0.0000000000000000e+00
 0.0000000000000000e+00
 0.0000000000000000e+00
 0.0000000000000000e+00
 0.0000000000000000e+00
 0.0000000000000000e+00
 0.0000000000000000e+00
 0.0000000000000000e+00
 0.0000000000000000e+00
 0.0000000000000000e+00
 0.0000000000000000e+00
 0.0000000000000000e+00
 0.0000000000000000e+00
 0.0000000000000000e+00
 0.0000000000000000e+00
 0.0000000000000000e+00
 0.0000000000000000e+00
 0.0000000000000000e+00
 0.0000000000000000e+00
 0.0000000000000000e+00
 0.0000000000000000e+00
 0.0000000000000000e+00
 0.0000000000000000e+00
 0.0000000000000000e+00
 0.0000000000000000e+00
 0.0000000000000000e+00
 0.0000000000000000e+00
 0.0000000000000000e+00
 0.0000000000000000e+00
 0.0000000000000000e+00
 0.0000000000000000e+00
 0.0000000000000000e+00
 0.0000000000000000e+00
 0.0000000000000000e+00
 0.0000000000000000e+00
 0.0000000000000000e+00
 0.0000000000000000e+00
 0.0000000000000000e+00
 0.0000000000000000e+00
 0.0000000000000000e+00
 0.0000000000000000e+00
 0.0000000000000000e+00
 0.0000000000000000e+00
 0.0000000000000000e+00
 0.0000000000000000e+00
 0.0000000000000000e+00
 0.0000000000000000e+00
 0.0000000000000000e+00
 0.0000000000000000e+00
 0.0000000000000000e+00
 0.0000000000000000e+00
 0.0000000000000000e+00
 0.0000000000000000e+00
 0.0000000000000000e+00
 0.0000000000000000e+00
 0.0000000000000000e+00
 0.0000000000000000e+00
 0.0000000000000000e+00
 0.0000000000000000e+00
 0.0000000000000000e+00
 0.0000000000000000e+00
 0.0000000000000000e+00
 0.0000000000000000e+00
 0.0000000000000000e+00
 0.0000000000000000e+00
 0.0000000000000000e+00
 0.0000000000000000e+00
 0.0000000000000000e+00
 0.0000000000000000e+00
 0.0000000000000000e+00
 0.0000000000000000e+00
 0.0000000000000000e+00
 0.0000000000000000e+00
 0.0000000000000000e+00
 0.0000000000000000e+00
 0.0000000000000000e+00
 0.0000000000000000e+00
 0.0000000000000000e+00
 0.0000000000000000e+00
 0.0000000000000000e+00
 0.0000000000000000e+00
 0.0000000000000000e+00
 0.0000000000000000e+00
 0.0000000000000000e+00
 0.0000000000000000e+00
 0.0000000000000000e+00
 0.0000000000000000e+00
 0.0000000000000000e+00
 0.0000000000000000e+00
 0.0000000000000000e+00
 0.0000000000000000e+00
 0.0000000000000000e+00
 0.0000000000000000e+00
 0.0000000000000000e+00
 0.0000000000000000e+00
 0.0000000000000000e+00
 0.0000000000000000e+00
 0.0000000000000000e+00
 0.0000000000000000e+00
 0.0000000000000000e+00
 0.0000000000000000e+00
 0.0000000000000000e+00
 0.0000000000000000e+00
 0.0000000000000000e+00
 0.0000000000000000e+00
 0.0000000000000000e+00
 0.0000000000000000e+00
 0.0000000000000000e+00
 0.0000000000000000e+00
 0.0000000000000000e+00
 0.0000000000000000e+00
 0.0000000000000000e+00
 0.0000000000000000e+00
 0.0000000000000000e+00
 0.0000000000000000e+00
 0.0000000000000000e+00
 0.0000000000000000e+00
 0.0000000000000000e+00
 0.0000000000000000e+00
 0.0000000000000000e+00
 0.0000000000000000e+00
 0.0000000000000000e+00
 0.0000000000000000e+00
 0.0000000000000000e+00
 0.0000000000000000e+00
 0.0000000000000000e+00
 0.0000000000000000e+00
 0.0000000000000000e+00
 0.0000000000000000e+00
 0.0000000000000000e+00
 0.0000000000000000e+00
 0.0000000000000000e+00
 0.0000000000000000e+00
 0.0000000000000000e+00
 0.0000000000000000e+00
 0.0000000000000000e+00
 0.0000000000000000e+00
 0.0000000000000000e+00
 0.0000000000000000e+00
 0.0000000000000000e+00
# name: Vect_Pd
# type: matrix
# rows: 500
# columns: 1
 9.9979999999999958e-01
 9.9979999999999958e-01
 9.9979999999999958e-01
 9.9979999999999958e-01
 9.9979999999999958e-01
 9.9979999999999958e-01
 9.9979999999999958e-01
 9.9979999999999958e-01
 9.9979999999999958e-01
 9.9979999999999958e-01
 9.9979999999999958e-01
 9.9979999999999958e-01
 9.9979999999999958e-01
 9.9979999999999958e-01
 9.9979999999999958e-01
 9.9979999999999958e-01
 9.9979999999999958e-01
 9.9979999999999958e-01
 9.9979999999999958e-01
 9.9979999999999958e-01
 9.9979999999999958e-01
 9.9979999999999958e-01
 9.9979999999999958e-01
 9.9979999999999958e-01
 9.9979999999999958e-01
 9.9979999999999958e-01
 9.9979999999999958e-01
 9.9979999999999958e-01
 9.9979999999999958e-01
 9.9979999999999958e-01
 9.9979999999999958e-01
 9.9979999999999958e-01
 9.9979999999999958e-01
 9.9979999999999958e-01
 9.9979999999999958e-01
 9.9979999999999958e-01
 9.9979999999999958e-01
 9.9979999999999958e-01
 9.9979999999999958e-01
 9.9979999999999958e-01
 9.9979999999999958e-01
 9.9979999999999958e-01
 9.9979999999999958e-01
 9.9979999999999958e-01
 9.9979999999999958e-01
 9.9979999999999958e-01
 9.9979999999999958e-01
 9.9979999999999958e-01
 9.9979999999999958e-01
 9.9979999999999958e-01
 9.9979999999999958e-01
 9.9979999999999958e-01
 9.9979999999999958e-01
 9.9979999999999958e-01
 9.9979999999999958e-01
 9.9979999999999958e-01
 9.9979999999999958e-01
 9.9979999999999958e-01
 9.9979999999999958e-01
 9.9979999999999958e-01
 9.9979999999999958e-01
 9.9979999999999958e-01
 9.9979999999999958e-01
 9.9979999999999958e-01
 9.9979999999999958e-01
 9.9979999999999958e-01
 9.9979999999999958e-01
 9.9979999999999958e-01
 9.9979999999999958e-01
 9.9979999999999958e-01
 9.9979999999999958e-01
 9.9979999999999958e-01
 9.9979999999999958e-01
 9.9979999999999958e-01
 9.9979999999999958e-01
 9.9979999999999958e-01
 9.9979999999999958e-01
 9.9979999999999958e-01
 9.9979999999999958e-01
 9.9979999999999958e-01
 9.9979999999999958e-01
 9.9979999999999958e-01
 9.9979999999999958e-01
 9.9979999999999958e-01
 9.9979999999999958e-01
 9.9979999999999958e-01
 9.9979999999999958e-01
 9.9979999999999958e-01
 9.9979999999999958e-01
 9.9979999999999958e-01
 9.9979999999999958e-01
 9.9979999999999958e-01
 9.9979999999999958e-01
 9.9979999999999958e-01
 9.9979999999999958e-01
 9.9979999999999958e-01
 9.9979999999999958e-01
 9.9979999999999958e-01
 9.9979999999999958e-01
 9.9979999999999958e-01
 9.9979999999999958e-01
 9.9979999999999958e-01
 9.9979999999999958e-01
 9.9979999999999958e-01
 9.9979999999999958e-01
 9.9979999999999958e-01
 9.9979999999999958e-01
 9.9979999999999958e-01
 9.9979999999999958e-01
 9.9979999999999958e-01
 9.9979999999999958e-01
 9.9979999999999958e-01
 9.9979999999999958e-01
 9.9979999999999958e-01
 9.9979999999999958e-01
 9.9979999999999958e-01
 9.9979999999999958e-01
 9.9979999999999958e-01
 9.9979999999999958e-01
 9.9979999999999958e-01
 9.9979999999999958e-01
 9.9979999999999958e-01
 9.9979999999999958e-01
 9.9979999999999958e-01
 9.9979999999999958e-01
 9.9979999999999958e-01
 9.9979999999999958e-01
 9.9979999999999958e-01
 9.9979999999999958e-01
 9.9979999999999958e-01
 9.9979999999999958e-01
 9.9979999999999958e-01
 9.9979999999999958e-01
 9.9979999999999958e-01
 9.9979999999999958e-01
 9.9979999999999958e-01
 9.9979999999999958e-01
 9.9979999999999958e-01
 9.9979999999999958e-01
 9.9979999999999958e-01
 9.9979999999999958e-01
 9.9979999999999958e-01
 9.9979999999999958e-01
 9.9979999999999958e-01
 9.9979999999999958e-01
 9.9979999999999958e-01
 9.9979999999999958e-01
 9.9979999999999958e-01
 9.9979999999999958e-01
 9.9979999999999958e-01
 9.9979999999999958e-01
 9.9979999999999958e-01
 9.9979999999999958e-01
 9.9979999999999958e-01
 9.9979999999999958e-01
 9.9979999999999958e-01
 9.9979999999999958e-01
 9.9979999999999958e-01
 9.9979999999999958e-01
 9.9979999999999958e-01
 9.9979999999999958e-01
 9.9979999999999958e-01
 9.9979999999999958e-01
 9.9979999999999958e-01
 9.9979999999999958e-01
 9.9979999999999958e-01
 9.9979999999999958e-01
 9.9979999999999958e-01
 9.9979999999999958e-01
 9.9979999999999958e-01
 9.9979999999999958e-01
 9.9979999999999958e-01
 9.9979999999999958e-01
 9.9979999999999958e-01
 9.9979999999999958e-01
 9.9979999999999958e-01
 9.9979999999999958e-01
 9.9979999999999958e-01
 9.9979999999999958e-01
 9.9979999999999958e-01
 9.9979999999999958e-01
 9.9979999999999958e-01
 9.9979999999999958e-01
 9.9979999999999958e-01
 9.9979999999999958e-01
 9.9979999999999958e-01
 9.9979999999999958e-01
 9.9979999999999958e-01
 9.9979999999999958e-01
 9.9979999999999958e-01
 9.9979999999999958e-01
 9.9979999999999958e-01
 9.9979999999999958e-01
 9.9979999999999958e-01
 9.9979999999999958e-01
 9.9979999999999958e-01
 9.9979999999999958e-01
 9.9979999999999958e-01
 9.9979999999999958e-01
 9.9979999999999958e-01
 9.9979999999999958e-01
 9.9979999999999958e-01
 9.9979999999999958e-01
 9.9979999999999958e-01
 9.9979999999999958e-01
 9.9979999999999958e-01
 9.9979999999999958e-01
 9.9979999999999958e-01
 9.9979999999999958e-01
 9.9979999999999958e-01
 9.9979999999999958e-01
 9.9979999999999958e-01
 9.9979999999999958e-01
 9.9979999999999958e-01
 9.9979999999999958e-01
 9.9979999999999958e-01
 9.9979999999999958e-01
 9.9979999999999958e-01
 9.9979999999999958e-01
 9.9979999999999958e-01
 9.9979999999999958e-01
 9.9979999999999958e-01
 9.9979999999999958e-01
 9.9979999999999958e-01
 9.9979999999999958e-01
 9.9979999999999958e-01
 9.9979999999999958e-01
 9.9979999999999958e-01
 9.9979999999999958e-01
 9.9979999999999958e-01
 9.9979999999999958e-01
 9.9979999999999958e-01
 9.9979999999999958e-01
 9.9979999999999958e-01
 9.9979999999999958e-01
 9.9979999999999958e-01
 9.9979999999999958e-01
 9.9979999999999958e-01
 9.9979999999999958e-01
 9.9979999999999958e-01
 9.9979999999999958e-01
 9.9979999999999958e-01
 9.9979999999999958e-01
 9.9979999999999958e-01
 9.9979999999999958e-01
 9.9979999999999958e-01
 9.9979999999999958e-01
 9.9979999999999958e-01
 9.9979999999999958e-01
 9.9979999999999958e-01
 9.9979999999999958e-01
 9.9959999999999960e-01
 9.9959999999999960e-01
 9.9959999999999960e-01
 9.9939999999999962e-01
 9.9919999999999964e-01
 9.9899999999999967e-01
 9.9899999999999967e-01
 9.9879999999999969e-01
 9.9879999999999969e-01
 9.9879999999999969e-01
 9.9879999999999969e-01
 9.9879999999999969e-01
 9.9839999999999973e-01
 9.9839999999999973e-01
 9.9799999999999978e-01
 9.9799999999999978e-01
 9.9779999999999980e-01
 9.9739999999999984e-01
 9.9739999999999984e-01
 9.9739999999999984e-01
 9.9699999999999989e-01
 9.9699999999999989e-01
 9.9679999999999991e-01
 9.9679999999999991e-01
 9.9639999999999995e-01
 9.9600000000000000e-01
 9.9600000000000000e-01
 9.9580000000000002e-01
 9.9560000000000004e-01
 9.9540000000000006e-01
 9.9520000000000008e-01
 9.9500000000000011e-01
 9.9500000000000011e-01
 9.9460000000000015e-01
 9.9440000000000017e-01
 9.9400000000000022e-01
 9.9300000000000022e-01
 9.9300000000000022e-01
 9.9260000000000026e-01
 9.9220000000000030e-01
 9.9080000000000035e-01
 9.9080000000000035e-01
 9.8960000000000037e-01
 9.8900000000000032e-01
 9.8800000000000032e-01
 9.8640000000000028e-01
 9.8540000000000028e-01
 9.8420000000000030e-01
 9.8360000000000025e-01
 9.8240000000000027e-01
 9.8120000000000029e-01
 9.7920000000000029e-01
 9.7740000000000027e-01
 9.7520000000000029e-01
 9.7440000000000027e-01
 9.7320000000000029e-01
 9.7220000000000029e-01
 9.7060000000000024e-01
 9.6860000000000024e-01
 9.6620000000000028e-01
 9.6440000000000026e-01
 9.6140000000000025e-01
 9.5960000000000023e-01
 9.5640000000000025e-01
 9.5240000000000025e-01
 9.4940000000000024e-01
 9.4640000000000024e-01
 9.4320000000000026e-01
 9.4120000000000026e-01
 9.3780000000000030e-01
 9.3500000000000028e-01
 9.3220000000000025e-01
 9.2820000000000025e-01
 9.2400000000000027e-01
 9.2060000000000031e-01
 9.1660000000000030e-01
 9.1260000000000030e-01
 9.0900000000000025e-01
 9.0540000000000020e-01
 9.0120000000000022e-01
 8.9680000000000026e-01
 8.9380000000000026e-01
 8.8760000000000028e-01
 8.8300000000000023e-01
 8.7760000000000027e-01
 8.7220000000000031e-01
 8.6560000000000026e-01
 8.5940000000000027e-01
 8.5080000000000022e-01
 8.4560000000000024e-01
 8.3940000000000026e-01
 8.3180000000000021e-01
 8.2360000000000022e-01
 8.1800000000000017e-01
 8.0960000000000021e-01
 8.0040000000000022e-01
 7.9140000000000021e-01
 7.8320000000000023e-01
 7.7480000000000027e-01
 7.6520000000000021e-01
 7.5660000000000016e-01
 7.4860000000000015e-01
 7.4000000000000010e-01
 7.3180000000000012e-01
 7.2260000000000013e-01
 7.1160000000000012e-01
 7.0220000000000016e-01
 6.9320000000000015e-01
 6.8620000000000014e-01
 6.7600000000000016e-01
 6.6720000000000013e-01
 6.5600000000000014e-01
 6.4460000000000017e-01
 6.3400000000000012e-01
 6.2240000000000006e-01
 6.1300000000000010e-01
 6.0340000000000005e-01
 5.9600000000000009e-01
 5.8720000000000006e-01
 5.7580000000000009e-01
 5.6340000000000012e-01
 5.5260000000000009e-01
 5.3980000000000006e-01
 5.3020000000000000e-01
 5.2080000000000004e-01
 5.0980000000000003e-01
 4.9840000000000007e-01
 4.8640000000000005e-01
 4.7480000000000006e-01
 4.6180000000000004e-01
 4.5180000000000003e-01
 4.4200000000000006e-01
 4.3120000000000008e-01
 4.2080000000000006e-01
 4.0920000000000006e-01
 3.9940000000000009e-01
 3.8840000000000008e-01
 3.7680000000000008e-01
 3.6940000000000006e-01
 3.6080000000000007e-01
 3.5020000000000007e-01
 3.4120000000000006e-01
 3.2920000000000005e-01
 3.1920000000000004e-01
 3.0880000000000002e-01
 3.0080000000000001e-01
 2.8980000000000000e-01
 2.8100000000000003e-01
 2.7260000000000001e-01
 2.6460000000000000e-01
 2.5500000000000000e-01
 2.4800000000000000e-01
 2.3820000000000000e-01
 2.2839999999999999e-01
 2.2219999999999998e-01
 2.1339999999999998e-01
 2.0539999999999997e-01
 1.9899999999999998e-01
 1.9299999999999998e-01
 1.8619999999999998e-01
 1.7979999999999999e-01
 1.7299999999999999e-01
 1.6599999999999998e-01
 1.5899999999999997e-01
 1.5039999999999998e-01
 1.4459999999999998e-01
 1.3719999999999999e-01
 1.3019999999999998e-01
 1.2440000000000000e-01
 1.2020000000000000e-01
 1.1500000000000000e-01
 1.1060000000000000e-01
 1.0560000000000000e-01
 1.0080000000000000e-01
 9.6799999999999997e-02
 9.1200000000000003e-02
 8.4800000000000000e-02
 8.2000000000000003e-02
 7.9000000000000001e-02
 7.4200000000000002e-02
 7.1000000000000008e-02
 6.8600000000000008e-02
 6.5000000000000002e-02
 6.2200000000000005e-02
 5.7800000000000004e-02
 5.2600000000000008e-02
 4.9600000000000005e-02
 4.8400000000000006e-02
 4.5200000000000004e-02
 4.1600000000000005e-02
 3.8000000000000006e-02
 3.6000000000000004e-02
 3.4200000000000001e-02
 3.2199999999999999e-02
 3.0400000000000000e-02
 2.8600000000000000e-02
 2.6400000000000000e-02
 2.4199999999999999e-02
 2.3599999999999999e-02
 2.1200000000000000e-02
 2.0799999999999999e-02
 1.9199999999999998e-02
 1.7800000000000000e-02
 1.6799999999999999e-02
 1.5599999999999999e-02
 1.4799999999999999e-02
 1.3599999999999999e-02
 1.2400000000000000e-02
 1.2000000000000000e-02
 1.0800000000000001e-02
 1.0000000000000000e-02
 8.8000000000000005e-03
 7.8000000000000005e-03
 7.0000000000000001e-03
 6.8000000000000005e-03
 6.0000000000000001e-03
 5.4000000000000003e-03
 4.8000000000000004e-03
 4.2000000000000006e-03
 4.2000000000000006e-03
 3.8000000000000004e-03
 3.6000000000000003e-03
 2.8000000000000004e-03
 2.8000000000000004e-03
 2.6000000000000003e-03
 2.4000000000000002e-03
 2.2000000000000001e-03
 2.0000000000000000e-03
 1.4000000000000000e-03
 1.4000000000000000e-03
 8.0000000000000004e-04
 6.0000000000000006e-04
 2.0000000000000001e-04
 2.0000000000000001e-04
 2.0000000000000001e-04
 2.0000000000000001e-04
 0.0000000000000000e+00
 0.0000000000000000e+00
 0.0000000000000000e+00
 0.0000000000000000e+00
 0.0000000000000000e+00
 0.0000000000000000e+00
 0.0000000000000000e+00
 0.0000000000000000e+00
 0.0000000000000000e+00
 0.0000000000000000e+00
 0.0000000000000000e+00
 0.0000000000000000e+00
 0.0000000000000000e+00
