# Created by Physics and Images Processing Group 
# name: Abs
# type: matrix
# rows: 500
# columns: 1
 -1.4543415754208411e-01
 -7.4033553613741782e-02
 -2.6329496853994550e-03
 6.8767654242942872e-02
 1.4016825817128520e-01
 2.1156886209962755e-01
 2.8296946602796985e-01
 3.5437006995631215e-01
 4.2577067388465450e-01
 4.9717127781299686e-01
 5.6857188174133921e-01
 6.3997248566968146e-01
 7.1137308959802381e-01
 7.8277369352636617e-01
 8.5417429745470841e-01
 9.2557490138305076e-01
 9.9697550531139312e-01
 1.0683761092397355e+00
 1.1397767131680778e+00
 1.2111773170964202e+00
 1.2825779210247625e+00
 1.3539785249531047e+00
 1.4253791288814470e+00
 1.4967797328097894e+00
 1.5681803367381317e+00
 1.6395809406664741e+00
 1.7109815445948164e+00
 1.7823821485231588e+00
 1.8537827524515009e+00
 1.9251833563798435e+00
 1.9965839603081856e+00
 2.0679845642365282e+00
 2.1393851681648703e+00
 2.2107857720932125e+00
 2.2821863760215551e+00
 2.3535869799498972e+00
 2.4249875838782398e+00
 2.4963881878065819e+00
 2.5677887917349245e+00
 2.6391893956632666e+00
 2.7105899995916092e+00
 2.7819906035199513e+00
 2.8533912074482934e+00
 2.9247918113766360e+00
 2.9961924153049782e+00
 3.0675930192333207e+00
 3.1389936231616629e+00
 3.2103942270900054e+00
 3.2817948310183476e+00
 3.3531954349466897e+00
 3.4245960388750323e+00
 3.4959966428033744e+00
 3.5673972467317170e+00
 3.6387978506600591e+00
 3.7101984545884017e+00
 3.7815990585167438e+00
 3.8529996624450860e+00
 3.9244002663734285e+00
 3.9958008703017711e+00
 4.0672014742301128e+00
 4.1386020781584554e+00
 4.2100026820867980e+00
 4.2814032860151405e+00
 4.3528038899434822e+00
 4.4242044938718248e+00
 4.4956050978001674e+00
 4.5670057017285091e+00
 4.6384063056568516e+00
 4.7098069095851942e+00
 4.7812075135135368e+00
 4.8526081174418785e+00
 4.9240087213702211e+00
 4.9954093252985636e+00
 5.0668099292269053e+00
 5.1382105331552479e+00
 5.2096111370835905e+00
 5.2810117410119330e+00
 5.3524123449402747e+00
 5.4238129488686173e+00
 5.4952135527969599e+00
 5.5666141567253025e+00
 5.6380147606536442e+00
 5.7094153645819867e+00
 5.7808159685103293e+00
 5.8522165724386710e+00
 5.9236171763670136e+00
 5.9950177802953561e+00
 6.0664183842236987e+00
 6.1378189881520404e+00
 6.2092195920803830e+00
 6.2806201960087256e+00
 6.3520207999370673e+00
 6.4234214038654098e+00
 6.4948220077937524e+00
 6.5662226117220950e+00
 6.6376232156504367e+00
 6.7090238195787792e+00
 6.7804244235071218e+00
 6.8518250274354635e+00
 6.9232256313638061e+00
 6.9946262352921487e+00
 7.0660268392204912e+00
 7.1374274431488329e+00
 7.2088280470771755e+00
 7.2802286510055181e+00
 7.3516292549338598e+00
 7.4230298588622023e+00
 7.4944304627905449e+00
 7.5658310667188875e+00
 7.6372316706472292e+00
 7.7086322745755718e+00
 7.7800328785039143e+00
 7.8514334824322560e+00
 7.9228340863605986e+00
 7.9942346902889412e+00
 8.0656352942172838e+00
 8.1370358981456263e+00
 8.2084365020739689e+00
 8.2798371060023097e+00
 8.3512377099306523e+00
 8.4226383138589949e+00
 8.4940389177873374e+00
 8.5654395217156800e+00
 8.6368401256440226e+00
 8.7082407295723652e+00
 8.7796413335007060e+00
 8.8510419374290485e+00
 8.9224425413573911e+00
 8.9938431452857337e+00
 9.0652437492140763e+00
 9.1366443531424189e+00
 9.2080449570707614e+00
 9.2794455609991022e+00
 9.3508461649274448e+00
 9.4222467688557874e+00
 9.4936473727841300e+00
 9.5650479767124725e+00
 9.6364485806408151e+00
 9.7078491845691577e+00
 9.7792497884974985e+00
 9.8506503924258411e+00
 9.9220509963541836e+00
 9.9934516002825262e+00
 1.0064852204210869e+01
 1.0136252808139211e+01
 1.0207653412067554e+01
 1.0279054015995895e+01
 1.0350454619924237e+01
 1.0421855223852580e+01
 1.0493255827780922e+01
 1.0564656431709265e+01
 1.0636057035637608e+01
 1.0707457639565950e+01
 1.0778858243494291e+01
 1.0850258847422634e+01
 1.0921659451350976e+01
 1.0993060055279319e+01
 1.1064460659207661e+01
 1.1135861263136004e+01
 1.1207261867064346e+01
 1.1278662470992689e+01
 1.1350063074921030e+01
 1.1421463678849372e+01
 1.1492864282777715e+01
 1.1564264886706058e+01
 1.1635665490634400e+01
 1.1707066094562743e+01
 1.1778466698491085e+01
 1.1849867302419426e+01
 1.1921267906347769e+01
 1.1992668510276111e+01
 1.2064069114204454e+01
 1.2135469718132796e+01
 1.2206870322061139e+01
 1.2278270925989482e+01
 1.2349671529917822e+01
 1.2421072133846165e+01
 1.2492472737774508e+01
 1.2563873341702850e+01
 1.2635273945631193e+01
 1.2706674549559535e+01
 1.2778075153487878e+01
 1.2849475757416219e+01
 1.2920876361344561e+01
 1.2992276965272904e+01
 1.3063677569201246e+01
 1.3135078173129589e+01
 1.3206478777057931e+01
 1.3277879380986274e+01
 1.3349279984914615e+01
 1.3420680588842957e+01
 1.3492081192771300e+01
 1.3563481796699643e+01
 1.3634882400627985e+01
 1.3706283004556328e+01
 1.3777683608484670e+01
 1.3849084212413011e+01
 1.3920484816341354e+01
 1.3991885420269696e+01
 1.4063286024198039e+01
 1.4134686628126381e+01
 1.4206087232054724e+01
 1.4277487835983067e+01
 1.4348888439911407e+01
 1.4420289043839750e+01
 1.4491689647768093e+01
 1.4563090251696435e+01
 1.4634490855624778e+01
 1.4705891459553120e+01
 1.4777292063481463e+01
 1.4848692667409804e+01
 1.4920093271338146e+01
 1.4991493875266489e+01
 1.5062894479194831e+01
 1.5134295083123174e+01
 1.5205695687051517e+01
 1.5277096290979859e+01
 1.5348496894908200e+01
 1.5419897498836542e+01
 1.5491298102764885e+01
 1.5562698706693228e+01
 1.5634099310621570e+01
 1.5705499914549913e+01
 1.5776900518478255e+01
 1.5848301122406596e+01
 1.5919701726334939e+01
 1.5991102330263281e+01
 1.6062502934191624e+01
 1.6133903538119966e+01
 1.6205304142048309e+01
 1.6276704745976652e+01
 1.6348105349904994e+01
 1.6419505953833337e+01
 1.6490906557761679e+01
 1.6562307161690022e+01
 1.6633707765618361e+01
 1.6705108369546704e+01
 1.6776508973475046e+01
 1.6847909577403389e+01
 1.6919310181331731e+01
 1.6990710785260074e+01
 1.7062111389188416e+01
 1.7133511993116759e+01
 1.7204912597045102e+01
 1.7276313200973444e+01
 1.7347713804901787e+01
 1.7419114408830129e+01
 1.7490515012758472e+01
 1.7561915616686814e+01
 1.7633316220615153e+01
 1.7704716824543496e+01
 1.7776117428471839e+01
 1.7847518032400181e+01
 1.7918918636328524e+01
 1.7990319240256866e+01
 1.8061719844185209e+01
 1.8133120448113552e+01
 1.8204521052041894e+01
 1.8275921655970237e+01
 1.8347322259898579e+01
 1.8418722863826922e+01
 1.8490123467755264e+01
 1.8561524071683607e+01
 1.8632924675611950e+01
 1.8704325279540289e+01
 1.8775725883468631e+01
 1.8847126487396974e+01
 1.8918527091325316e+01
 1.8989927695253659e+01
 1.9061328299182001e+01
 1.9132728903110344e+01
 1.9204129507038687e+01
 1.9275530110967029e+01
 1.9346930714895372e+01
 1.9418331318823714e+01
 1.9489731922752057e+01
 1.9561132526680399e+01
 1.9632533130608742e+01
 1.9703933734537081e+01
 1.9775334338465424e+01
 1.9846734942393766e+01
 1.9918135546322109e+01
 1.9989536150250451e+01
 2.0060936754178794e+01
 2.0132337358107137e+01
 2.0203737962035479e+01
 2.0275138565963822e+01
 2.0346539169892164e+01
 2.0417939773820507e+01
 2.0489340377748849e+01
 2.0560740981677192e+01
 2.0632141585605535e+01
 2.0703542189533874e+01
 2.0774942793462216e+01
 2.0846343397390559e+01
 2.0917744001318901e+01
 2.0989144605247244e+01
 2.1060545209175586e+01
 2.1131945813103929e+01
 2.1203346417032272e+01
 2.1274747020960614e+01
 2.1346147624888957e+01
 2.1417548228817299e+01
 2.1488948832745642e+01
 2.1560349436673985e+01
 2.1631750040602327e+01
 2.1703150644530666e+01
 2.1774551248459009e+01
 2.1845951852387351e+01
 2.1917352456315694e+01
 2.1988753060244036e+01
 2.2060153664172379e+01
 2.2131554268100722e+01
 2.2202954872029064e+01
 2.2274355475957407e+01
 2.2345756079885749e+01
 2.2417156683814092e+01
 2.2488557287742434e+01
 2.2559957891670777e+01
 2.2631358495599120e+01
 2.2702759099527462e+01
 2.2774159703455801e+01
 2.2845560307384144e+01
 2.2916960911312486e+01
 2.2988361515240829e+01
 2.3059762119169172e+01
 2.3131162723097514e+01
 2.3202563327025857e+01
 2.3273963930954199e+01
 2.3345364534882542e+01
 2.3416765138810884e+01
 2.3488165742739227e+01
 2.3559566346667570e+01
 2.3630966950595912e+01
 2.3702367554524255e+01
 2.3773768158452594e+01
 2.3845168762380936e+01
 2.3916569366309279e+01
 2.3987969970237621e+01
 2.4059370574165964e+01
 2.4130771178094307e+01
 2.4202171782022649e+01
 2.4273572385950992e+01
 2.4344972989879334e+01
 2.4416373593807677e+01
 2.4487774197736019e+01
 2.4559174801664362e+01
 2.4630575405592705e+01
 2.4701976009521047e+01
 2.4773376613449386e+01
 2.4844777217377729e+01
 2.4916177821306071e+01
 2.4987578425234414e+01
 2.5058979029162757e+01
 2.5130379633091099e+01
 2.5201780237019442e+01
 2.5273180840947784e+01
 2.5344581444876127e+01
 2.5415982048804469e+01
 2.5487382652732812e+01
 2.5558783256661155e+01
 2.5630183860589497e+01
 2.5701584464517840e+01
 2.5772985068446179e+01
 2.5844385672374521e+01
 2.5915786276302864e+01
 2.5987186880231206e+01
 2.6058587484159549e+01
 2.6129988088087892e+01
 2.6201388692016234e+01
 2.6272789295944577e+01
 2.6344189899872919e+01
 2.6415590503801262e+01
 2.6486991107729605e+01
 2.6558391711657947e+01
 2.6629792315586290e+01
 2.6701192919514632e+01
 2.6772593523442971e+01
 2.6843994127371314e+01
 2.6915394731299656e+01
 2.6986795335227999e+01
 2.7058195939156342e+01
 2.7129596543084684e+01
 2.7200997147013027e+01
 2.7272397750941369e+01
 2.7343798354869712e+01
 2.7415198958798054e+01
 2.7486599562726397e+01
 2.7558000166654740e+01
 2.7629400770583082e+01
 2.7700801374511425e+01
 2.7772201978439767e+01
 2.7843602582368106e+01
 2.7915003186296449e+01
 2.7986403790224792e+01
 2.8057804394153134e+01
 2.8129204998081477e+01
 2.8200605602009819e+01
 2.8272006205938162e+01
 2.8343406809866504e+01
 2.8414807413794847e+01
 2.8486208017723190e+01
 2.8557608621651532e+01
 2.8629009225579875e+01
 2.8700409829508217e+01
 2.8771810433436560e+01
 2.8843211037364899e+01
 2.8914611641293241e+01
 2.8986012245221584e+01
 2.9057412849149927e+01
 2.9128813453078269e+01
 2.9200214057006612e+01
 2.9271614660934954e+01
 2.9343015264863297e+01
 2.9414415868791639e+01
 2.9485816472719982e+01
 2.9557217076648325e+01
 2.9628617680576667e+01
 2.9700018284505010e+01
 2.9771418888433352e+01
 2.9842819492361691e+01
 2.9914220096290034e+01
 2.9985620700218377e+01
 3.0057021304146719e+01
 3.0128421908075062e+01
 3.0199822512003404e+01
 3.0271223115931747e+01
 3.0342623719860089e+01
 3.0414024323788432e+01
 3.0485424927716775e+01
 3.0556825531645117e+01
 3.0628226135573460e+01
 3.0699626739501802e+01
 3.0771027343430145e+01
 3.0842427947358484e+01
 3.0913828551286826e+01
 3.0985229155215169e+01
 3.1056629759143512e+01
 3.1128030363071854e+01
 3.1199430967000197e+01
 3.1270831570928539e+01
 3.1342232174856882e+01
 3.1413632778785225e+01
 3.1485033382713567e+01
 3.1556433986641910e+01
 3.1627834590570252e+01
 3.1699235194498595e+01
 3.1770635798426937e+01
 3.1842036402355276e+01
 3.1913437006283623e+01
 3.1984837610211962e+01
 3.2056238214140308e+01
 3.2127638818068647e+01
 3.2199039421996993e+01
 3.2270440025925332e+01
 3.2341840629853678e+01
 3.2413241233782017e+01
 3.2484641837710356e+01
 3.2556042441638702e+01
 3.2627443045567041e+01
 3.2698843649495387e+01
 3.2770244253423726e+01
 3.2841644857352073e+01
 3.2913045461280412e+01
 3.2984446065208758e+01
 3.3055846669137097e+01
 3.3127247273065443e+01
 3.3198647876993782e+01
 3.3270048480922128e+01
 3.3341449084850467e+01
 3.3412849688778806e+01
 3.3484250292707152e+01
 3.3555650896635491e+01
 3.3627051500563837e+01
 3.3698452104492176e+01
 3.3769852708420522e+01
 3.3841253312348861e+01
 3.3912653916277208e+01
 3.3984054520205547e+01
 3.4055455124133893e+01
 3.4126855728062232e+01
 3.4198256331990578e+01
 3.4269656935918917e+01
 3.4341057539847263e+01
 3.4412458143775602e+01
 3.4483858747703941e+01
 3.4555259351632287e+01
 3.4626659955560626e+01
 3.4698060559488972e+01
 3.4769461163417311e+01
 3.4840861767345658e+01
 3.4912262371273997e+01
 3.4983662975202343e+01
 3.5055063579130682e+01
 3.5126464183059028e+01
 3.5197864786987367e+01
 3.5269265390915713e+01
 3.5340665994844052e+01
 3.5412066598772391e+01
 3.5483467202700737e+01
# name: Hist_H0
# type: matrix
# rows: 500
# columns: 1
 6.0000000000000000e+00
 3.3500000000000000e+02
 1.2190000000000000e+03
 5.1600000000000000e+02
 4.0500000000000000e+02
 3.1000000000000000e+02
 2.5100000000000000e+02
 2.1900000000000000e+02
 1.9400000000000000e+02
 1.4700000000000000e+02
 1.4100000000000000e+02
 1.2300000000000000e+02
 1.0200000000000000e+02
 1.0100000000000000e+02
 1.0000000000000000e+02
 6.3000000000000000e+01
 7.9000000000000000e+01
 6.7000000000000000e+01
 4.7000000000000000e+01
 5.9000000000000000e+01
 3.8000000000000000e+01
 3.7000000000000000e+01
 3.4000000000000000e+01
 3.7000000000000000e+01
 3.0000000000000000e+01
 3.2000000000000000e+01
 2.5000000000000000e+01
 3.3000000000000000e+01
 1.4000000000000000e+01
 2.0000000000000000e+01
 2.6000000000000000e+01
 1.6000000000000000e+01
 1.1000000000000000e+01
 1.2000000000000000e+01
 1.1000000000000000e+01
 1.1000000000000000e+01
 7.0000000000000000e+00
 8.0000000000000000e+00
 1.1000000000000000e+01
 3.0000000000000000e+00
 6.0000000000000000e+00
 1.0000000000000000e+01
 8.0000000000000000e+00
 8.0000000000000000e+00
 3.0000000000000000e+00
 3.0000000000000000e+00
 8.0000000000000000e+00
 7.0000000000000000e+00
 0.0000000000000000e+00
 5.0000000000000000e+00
 3.0000000000000000e+00
 2.0000000000000000e+00
 6.0000000000000000e+00
 2.0000000000000000e+00
 5.0000000000000000e+00
 1.0000000000000000e+00
 0.0000000000000000e+00
 2.0000000000000000e+00
 1.0000000000000000e+00
 1.0000000000000000e+00
 3.0000000000000000e+00
 1.0000000000000000e+00
 0.0000000000000000e+00
 3.0000000000000000e+00
 0.0000000000000000e+00
 0.0000000000000000e+00
 2.0000000000000000e+00
 1.0000000000000000e+00
 1.0000000000000000e+00
 0.0000000000000000e+00
 0.0000000000000000e+00
 0.0000000000000000e+00
 1.0000000000000000e+00
 1.0000000000000000e+00
 1.0000000000000000e+00
 0.0000000000000000e+00
 0.0000000000000000e+00
 0.0000000000000000e+00
 0.0000000000000000e+00
 0.0000000000000000e+00
 0.0000000000000000e+00
 0.0000000000000000e+00
 0.0000000000000000e+00
 0.0000000000000000e+00
 1.0000000000000000e+00
 0.0000000000000000e+00
 0.0000000000000000e+00
 0.0000000000000000e+00
 1.0000000000000000e+00
 0.0000000000000000e+00
 0.0000000000000000e+00
 1.0000000000000000e+00
 0.0000000000000000e+00
 0.0000000000000000e+00
 0.0000000000000000e+00
 0.0000000000000000e+00
 2.0000000000000000e+00
 0.0000000000000000e+00
 0.0000000000000000e+00
 0.0000000000000000e+00
 0.0000000000000000e+00
 0.0000000000000000e+00
 0.0000000000000000e+00
 0.0000000000000000e+00
 0.0000000000000000e+00
 0.0000000000000000e+00
 0.0000000000000000e+00
 0.0000000000000000e+00
 0.0000000000000000e+00
 0.0000000000000000e+00
 0.0000000000000000e+00
 0.0000000000000000e+00
 0.0000000000000000e+00
 0.0000000000000000e+00
 0.0000000000000000e+00
 0.0000000000000000e+00
 0.0000000000000000e+00
 0.0000000000000000e+00
 0.0000000000000000e+00
 0.0000000000000000e+00
 0.0000000000000000e+00
 0.0000000000000000e+00
 0.0000000000000000e+00
 0.0000000000000000e+00
 0.0000000000000000e+00
 0.0000000000000000e+00
 0.0000000000000000e+00
 0.0000000000000000e+00
 0.0000000000000000e+00
 0.0000000000000000e+00
 0.0000000000000000e+00
 0.0000000000000000e+00
 0.0000000000000000e+00
 0.0000000000000000e+00
 0.0000000000000000e+00
 0.0000000000000000e+00
 0.0000000000000000e+00
 0.0000000000000000e+00
 0.0000000000000000e+00
 0.0000000000000000e+00
 0.0000000000000000e+00
 0.0000000000000000e+00
 0.0000000000000000e+00
 0.0000000000000000e+00
 0.0000000000000000e+00
 0.0000000000000000e+00
 0.0000000000000000e+00
 0.0000000000000000e+00
 0.0000000000000000e+00
 0.0000000000000000e+00
 0.0000000000000000e+00
 0.0000000000000000e+00
 0.0000000000000000e+00
 0.0000000000000000e+00
 0.0000000000000000e+00
 0.0000000000000000e+00
 0.0000000000000000e+00
 0.0000000000000000e+00
 0.0000000000000000e+00
 0.0000000000000000e+00
 0.0000000000000000e+00
 0.0000000000000000e+00
 0.0000000000000000e+00
 0.0000000000000000e+00
 0.0000000000000000e+00
 0.0000000000000000e+00
 0.0000000000000000e+00
 0.0000000000000000e+00
 0.0000000000000000e+00
 0.0000000000000000e+00
 0.0000000000000000e+00
 0.0000000000000000e+00
 0.0000000000000000e+00
 0.0000000000000000e+00
 0.0000000000000000e+00
 0.0000000000000000e+00
 0.0000000000000000e+00
 0.0000000000000000e+00
 0.0000000000000000e+00
 0.0000000000000000e+00
 0.0000000000000000e+00
 0.0000000000000000e+00
 0.0000000000000000e+00
 0.0000000000000000e+00
 0.0000000000000000e+00
 0.0000000000000000e+00
 0.0000000000000000e+00
 0.0000000000000000e+00
 0.0000000000000000e+00
 0.0000000000000000e+00
 0.0000000000000000e+00
 0.0000000000000000e+00
 0.0000000000000000e+00
 0.0000000000000000e+00
 0.0000000000000000e+00
 0.0000000000000000e+00
 0.0000000000000000e+00
 0.0000000000000000e+00
 0.0000000000000000e+00
 0.0000000000000000e+00
 0.0000000000000000e+00
 0.0000000000000000e+00
 0.0000000000000000e+00
 0.0000000000000000e+00
 0.0000000000000000e+00
 0.0000000000000000e+00
 0.0000000000000000e+00
 0.0000000000000000e+00
 0.0000000000000000e+00
 0.0000000000000000e+00
 0.0000000000000000e+00
 0.0000000000000000e+00
 0.0000000000000000e+00
 0.0000000000000000e+00
 0.0000000000000000e+00
 0.0000000000000000e+00
 0.0000000000000000e+00
 0.0000000000000000e+00
 0.0000000000000000e+00
 0.0000000000000000e+00
 0.0000000000000000e+00
 0.0000000000000000e+00
 0.0000000000000000e+00
 0.0000000000000000e+00
 0.0000000000000000e+00
 0.0000000000000000e+00
 0.0000000000000000e+00
 0.0000000000000000e+00
 0.0000000000000000e+00
 0.0000000000000000e+00
 0.0000000000000000e+00
 0.0000000000000000e+00
 0.0000000000000000e+00
 0.0000000000000000e+00
 0.0000000000000000e+00
 0.0000000000000000e+00
 0.0000000000000000e+00
 0.0000000000000000e+00
 0.0000000000000000e+00
 0.0000000000000000e+00
 0.0000000000000000e+00
 0.0000000000000000e+00
 0.0000000000000000e+00
 0.0000000000000000e+00
 0.0000000000000000e+00
 0.0000000000000000e+00
 0.0000000000000000e+00
 0.0000000000000000e+00
 0.0000000000000000e+00
 0.0000000000000000e+00
 0.0000000000000000e+00
 0.0000000000000000e+00
 0.0000000000000000e+00
 0.0000000000000000e+00
 0.0000000000000000e+00
 0.0000000000000000e+00
 0.0000000000000000e+00
 0.0000000000000000e+00
 0.0000000000000000e+00
 0.0000000000000000e+00
 0.0000000000000000e+00
 0.0000000000000000e+00
 0.0000000000000000e+00
 0.0000000000000000e+00
 0.0000000000000000e+00
 0.0000000000000000e+00
 0.0000000000000000e+00
 0.0000000000000000e+00
 0.0000000000000000e+00
 0.0000000000000000e+00
 0.0000000000000000e+00
 0.0000000000000000e+00
 0.0000000000000000e+00
 0.0000000000000000e+00
 0.0000000000000000e+00
 0.0000000000000000e+00
 0.0000000000000000e+00
 0.0000000000000000e+00
 0.0000000000000000e+00
 0.0000000000000000e+00
 0.0000000000000000e+00
 0.0000000000000000e+00
 0.0000000000000000e+00
 0.0000000000000000e+00
 0.0000000000000000e+00
 0.0000000000000000e+00
 0.0000000000000000e+00
 0.0000000000000000e+00
 0.0000000000000000e+00
 0.0000000000000000e+00
 0.0000000000000000e+00
 0.0000000000000000e+00
 0.0000000000000000e+00
 0.0000000000000000e+00
 0.0000000000000000e+00
 0.0000000000000000e+00
 0.0000000000000000e+00
 0.0000000000000000e+00
 0.0000000000000000e+00
 0.0000000000000000e+00
 0.0000000000000000e+00
 0.0000000000000000e+00
 0.0000000000000000e+00
 0.0000000000000000e+00
 0.0000000000000000e+00
 0.0000000000000000e+00
 0.0000000000000000e+00
 0.0000000000000000e+00
 0.0000000000000000e+00
 0.0000000000000000e+00
 0.0000000000000000e+00
 0.0000000000000000e+00
 0.0000000000000000e+00
 0.0000000000000000e+00
 0.0000000000000000e+00
 0.0000000000000000e+00
 0.0000000000000000e+00
 0.0000000000000000e+00
 0.0000000000000000e+00
 0.0000000000000000e+00
 0.0000000000000000e+00
 0.0000000000000000e+00
 0.0000000000000000e+00
 0.0000000000000000e+00
 0.0000000000000000e+00
 0.0000000000000000e+00
 0.0000000000000000e+00
 0.0000000000000000e+00
 0.0000000000000000e+00
 0.0000000000000000e+00
 0.0000000000000000e+00
 0.0000000000000000e+00
 0.0000000000000000e+00
 0.0000000000000000e+00
 0.0000000000000000e+00
 0.0000000000000000e+00
 0.0000000000000000e+00
 0.0000000000000000e+00
 0.0000000000000000e+00
 0.0000000000000000e+00
 0.0000000000000000e+00
 0.0000000000000000e+00
 0.0000000000000000e+00
 0.0000000000000000e+00
 0.0000000000000000e+00
 0.0000000000000000e+00
 0.0000000000000000e+00
 0.0000000000000000e+00
 0.0000000000000000e+00
 0.0000000000000000e+00
 0.0000000000000000e+00
 0.0000000000000000e+00
 0.0000000000000000e+00
 0.0000000000000000e+00
 0.0000000000000000e+00
 0.0000000000000000e+00
 0.0000000000000000e+00
 0.0000000000000000e+00
 0.0000000000000000e+00
 0.0000000000000000e+00
 0.0000000000000000e+00
 0.0000000000000000e+00
 0.0000000000000000e+00
 0.0000000000000000e+00
 0.0000000000000000e+00
 0.0000000000000000e+00
 0.0000000000000000e+00
 0.0000000000000000e+00
 0.0000000000000000e+00
 0.0000000000000000e+00
 0.0000000000000000e+00
 0.0000000000000000e+00
 0.0000000000000000e+00
 0.0000000000000000e+00
 0.0000000000000000e+00
 0.0000000000000000e+00
 0.0000000000000000e+00
 0.0000000000000000e+00
 0.0000000000000000e+00
 0.0000000000000000e+00
 0.0000000000000000e+00
 0.0000000000000000e+00
 0.0000000000000000e+00
 0.0000000000000000e+00
 0.0000000000000000e+00
 0.0000000000000000e+00
 0.0000000000000000e+00
 0.0000000000000000e+00
 0.0000000000000000e+00
 0.0000000000000000e+00
 0.0000000000000000e+00
 0.0000000000000000e+00
 0.0000000000000000e+00
 0.0000000000000000e+00
 0.0000000000000000e+00
 0.0000000000000000e+00
 0.0000000000000000e+00
 0.0000000000000000e+00
 0.0000000000000000e+00
 0.0000000000000000e+00
 0.0000000000000000e+00
 0.0000000000000000e+00
 0.0000000000000000e+00
 0.0000000000000000e+00
 0.0000000000000000e+00
 0.0000000000000000e+00
 0.0000000000000000e+00
 0.0000000000000000e+00
 0.0000000000000000e+00
 0.0000000000000000e+00
 0.0000000000000000e+00
 0.0000000000000000e+00
 0.0000000000000000e+00
 0.0000000000000000e+00
 0.0000000000000000e+00
 0.0000000000000000e+00
 0.0000000000000000e+00
 0.0000000000000000e+00
 0.0000000000000000e+00
 0.0000000000000000e+00
 0.0000000000000000e+00
 0.0000000000000000e+00
 0.0000000000000000e+00
 0.0000000000000000e+00
 0.0000000000000000e+00
 0.0000000000000000e+00
 0.0000000000000000e+00
 0.0000000000000000e+00
 0.0000000000000000e+00
 0.0000000000000000e+00
 0.0000000000000000e+00
 0.0000000000000000e+00
 0.0000000000000000e+00
 0.0000000000000000e+00
 0.0000000000000000e+00
 0.0000000000000000e+00
 0.0000000000000000e+00
 0.0000000000000000e+00
 0.0000000000000000e+00
 0.0000000000000000e+00
 0.0000000000000000e+00
 0.0000000000000000e+00
 0.0000000000000000e+00
 0.0000000000000000e+00
 0.0000000000000000e+00
 0.0000000000000000e+00
 0.0000000000000000e+00
 0.0000000000000000e+00
 0.0000000000000000e+00
 0.0000000000000000e+00
 0.0000000000000000e+00
 0.0000000000000000e+00
 0.0000000000000000e+00
 0.0000000000000000e+00
 0.0000000000000000e+00
 0.0000000000000000e+00
 0.0000000000000000e+00
 0.0000000000000000e+00
 0.0000000000000000e+00
 0.0000000000000000e+00
 0.0000000000000000e+00
 0.0000000000000000e+00
 0.0000000000000000e+00
 0.0000000000000000e+00
 0.0000000000000000e+00
 0.0000000000000000e+00
 0.0000000000000000e+00
 0.0000000000000000e+00
 0.0000000000000000e+00
 0.0000000000000000e+00
 0.0000000000000000e+00
 0.0000000000000000e+00
 0.0000000000000000e+00
 0.0000000000000000e+00
 0.0000000000000000e+00
 0.0000000000000000e+00
 0.0000000000000000e+00
 0.0000000000000000e+00
 0.0000000000000000e+00
 0.0000000000000000e+00
 0.0000000000000000e+00
 0.0000000000000000e+00
 0.0000000000000000e+00
 0.0000000000000000e+00
 0.0000000000000000e+00
 0.0000000000000000e+00
 0.0000000000000000e+00
 0.0000000000000000e+00
 0.0000000000000000e+00
 0.0000000000000000e+00
 0.0000000000000000e+00
 0.0000000000000000e+00
 0.0000000000000000e+00
 0.0000000000000000e+00
 0.0000000000000000e+00
 0.0000000000000000e+00
 0.0000000000000000e+00
 0.0000000000000000e+00
 0.0000000000000000e+00
 0.0000000000000000e+00
# name: Hist_H1
# type: matrix
# rows: 500
# columns: 1
 0.0000000000000000e+00
 0.0000000000000000e+00
 0.0000000000000000e+00
 0.0000000000000000e+00
 0.0000000000000000e+00
 0.0000000000000000e+00
 0.0000000000000000e+00
 0.0000000000000000e+00
 0.0000000000000000e+00
 1.0000000000000000e+00
 0.0000000000000000e+00
 1.0000000000000000e+00
 0.0000000000000000e+00
 2.0000000000000000e+00
 0.0000000000000000e+00
 2.0000000000000000e+00
 1.0000000000000000e+00
 2.0000000000000000e+00
 2.0000000000000000e+00
 5.0000000000000000e+00
 2.0000000000000000e+00
 1.0000000000000000e+00
 5.0000000000000000e+00
 2.0000000000000000e+00
 3.0000000000000000e+00
 1.0000000000000000e+00
 1.0000000000000000e+00
 3.0000000000000000e+00
 0.0000000000000000e+00
 2.0000000000000000e+00
 3.0000000000000000e+00
 2.0000000000000000e+00
 3.0000000000000000e+00
 3.0000000000000000e+00
 3.0000000000000000e+00
 3.0000000000000000e+00
 4.0000000000000000e+00
 8.0000000000000000e+00
 5.0000000000000000e+00
 5.0000000000000000e+00
 1.0000000000000000e+01
 4.0000000000000000e+00
 6.0000000000000000e+00
 4.0000000000000000e+00
 7.0000000000000000e+00
 9.0000000000000000e+00
 8.0000000000000000e+00
 5.0000000000000000e+00
 6.0000000000000000e+00
 9.0000000000000000e+00
 1.5000000000000000e+01
 8.0000000000000000e+00
 1.1000000000000000e+01
 1.4000000000000000e+01
 1.4000000000000000e+01
 1.4000000000000000e+01
 1.7000000000000000e+01
 9.0000000000000000e+00
 1.4000000000000000e+01
 9.0000000000000000e+00
 2.0000000000000000e+01
 1.2000000000000000e+01
 1.9000000000000000e+01
 2.3000000000000000e+01
 1.9000000000000000e+01
 1.4000000000000000e+01
 1.3000000000000000e+01
 2.2000000000000000e+01
 1.9000000000000000e+01
 2.0000000000000000e+01
 1.8000000000000000e+01
 2.8000000000000000e+01
 1.6000000000000000e+01
 2.3000000000000000e+01
 2.6000000000000000e+01
 2.0000000000000000e+01
 2.4000000000000000e+01
 2.2000000000000000e+01
 2.3000000000000000e+01
 1.4000000000000000e+01
 2.1000000000000000e+01
 2.6000000000000000e+01
 2.5000000000000000e+01
 1.8000000000000000e+01
 2.7000000000000000e+01
 1.9000000000000000e+01
 2.2000000000000000e+01
 3.2000000000000000e+01
 2.2000000000000000e+01
 3.0000000000000000e+01
 2.6000000000000000e+01
 1.9000000000000000e+01
 2.8000000000000000e+01
 3.0000000000000000e+01
 2.7000000000000000e+01
 2.7000000000000000e+01
 2.4000000000000000e+01
 3.2000000000000000e+01
 3.4000000000000000e+01
 2.6000000000000000e+01
 2.5000000000000000e+01
 3.0000000000000000e+01
 3.0000000000000000e+01
 3.4000000000000000e+01
 2.7000000000000000e+01
 3.0000000000000000e+01
 3.1000000000000000e+01
 3.2000000000000000e+01
 3.4000000000000000e+01
 3.9000000000000000e+01
 2.9000000000000000e+01
 2.7000000000000000e+01
 2.7000000000000000e+01
 3.7000000000000000e+01
 3.8000000000000000e+01
 4.1000000000000000e+01
 3.0000000000000000e+01
 2.7000000000000000e+01
 2.7000000000000000e+01
 3.0000000000000000e+01
 3.6000000000000000e+01
 3.5000000000000000e+01
 3.1000000000000000e+01
 4.0000000000000000e+01
 3.6000000000000000e+01
 4.2000000000000000e+01
 4.9000000000000000e+01
 2.8000000000000000e+01
 3.4000000000000000e+01
 3.5000000000000000e+01
 2.7000000000000000e+01
 3.0000000000000000e+01
 3.3000000000000000e+01
 2.8000000000000000e+01
 3.3000000000000000e+01
 3.2000000000000000e+01
 3.7000000000000000e+01
 2.3000000000000000e+01
 2.6000000000000000e+01
 2.4000000000000000e+01
 2.4000000000000000e+01
 3.1000000000000000e+01
 2.9000000000000000e+01
 2.6000000000000000e+01
 3.7000000000000000e+01
 3.2000000000000000e+01
 2.8000000000000000e+01
 2.6000000000000000e+01
 2.5000000000000000e+01
 3.4000000000000000e+01
 2.5000000000000000e+01
 3.5000000000000000e+01
 2.8000000000000000e+01
 2.7000000000000000e+01
 3.1000000000000000e+01
 2.7000000000000000e+01
 3.0000000000000000e+01
 3.1000000000000000e+01
 1.8000000000000000e+01
 2.7000000000000000e+01
 2.4000000000000000e+01
 2.2000000000000000e+01
 2.5000000000000000e+01
 2.5000000000000000e+01
 1.5000000000000000e+01
 3.8000000000000000e+01
 2.1000000000000000e+01
 2.9000000000000000e+01
 2.7000000000000000e+01
 2.6000000000000000e+01
 2.1000000000000000e+01
 1.7000000000000000e+01
 2.5000000000000000e+01
 2.6000000000000000e+01
 2.8000000000000000e+01
 3.4000000000000000e+01
 1.7000000000000000e+01
 2.5000000000000000e+01
 2.2000000000000000e+01
 3.0000000000000000e+01
 2.1000000000000000e+01
 2.6000000000000000e+01
 2.5000000000000000e+01
 2.6000000000000000e+01
 3.5000000000000000e+01
 2.6000000000000000e+01
 2.0000000000000000e+01
 2.9000000000000000e+01
 2.0000000000000000e+01
 2.1000000000000000e+01
 2.0000000000000000e+01
 1.6000000000000000e+01
 1.9000000000000000e+01
 2.1000000000000000e+01
 2.1000000000000000e+01
 1.4000000000000000e+01
 2.7000000000000000e+01
 1.7000000000000000e+01
 1.8000000000000000e+01
 2.3000000000000000e+01
 2.3000000000000000e+01
 1.8000000000000000e+01
 2.5000000000000000e+01
 2.2000000000000000e+01
 2.1000000000000000e+01
 1.6000000000000000e+01
 1.9000000000000000e+01
 1.1000000000000000e+01
 1.6000000000000000e+01
 2.0000000000000000e+01
 1.1000000000000000e+01
 1.8000000000000000e+01
 1.6000000000000000e+01
 1.3000000000000000e+01
 1.5000000000000000e+01
 1.5000000000000000e+01
 1.9000000000000000e+01
 1.3000000000000000e+01
 1.1000000000000000e+01
 1.0000000000000000e+01
 1.7000000000000000e+01
 1.2000000000000000e+01
 1.0000000000000000e+01
 7.0000000000000000e+00
 9.0000000000000000e+00
 1.2000000000000000e+01
 9.0000000000000000e+00
 1.3000000000000000e+01
 1.1000000000000000e+01
 1.1000000000000000e+01
 7.0000000000000000e+00
 1.3000000000000000e+01
 1.1000000000000000e+01
 1.0000000000000000e+01
 8.0000000000000000e+00
 6.0000000000000000e+00
 1.4000000000000000e+01
 1.3000000000000000e+01
 1.4000000000000000e+01
 1.1000000000000000e+01
 9.0000000000000000e+00
 8.0000000000000000e+00
 1.3000000000000000e+01
 9.0000000000000000e+00
 9.0000000000000000e+00
 8.0000000000000000e+00
 6.0000000000000000e+00
 1.3000000000000000e+01
 1.1000000000000000e+01
 1.1000000000000000e+01
 1.2000000000000000e+01
 7.0000000000000000e+00
 9.0000000000000000e+00
 1.0000000000000000e+01
 2.0000000000000000e+00
 9.0000000000000000e+00
 3.0000000000000000e+00
 7.0000000000000000e+00
 9.0000000000000000e+00
 6.0000000000000000e+00
 6.0000000000000000e+00
 7.0000000000000000e+00
 6.0000000000000000e+00
 6.0000000000000000e+00
 7.0000000000000000e+00
 9.0000000000000000e+00
 6.0000000000000000e+00
 7.0000000000000000e+00
 6.0000000000000000e+00
 8.0000000000000000e+00
 4.0000000000000000e+00
 9.0000000000000000e+00
 1.0000000000000000e+01
 4.0000000000000000e+00
 8.0000000000000000e+00
 6.0000000000000000e+00
 1.0000000000000000e+00
 4.0000000000000000e+00
 3.0000000000000000e+00
 4.0000000000000000e+00
 3.0000000000000000e+00
 3.0000000000000000e+00
 3.0000000000000000e+00
 6.0000000000000000e+00
 4.0000000000000000e+00
 4.0000000000000000e+00
 2.0000000000000000e+00
 3.0000000000000000e+00
 0.0000000000000000e+00
 1.0000000000000000e+00
 5.0000000000000000e+00
 4.0000000000000000e+00
 2.0000000000000000e+00
 1.0000000000000000e+00
 3.0000000000000000e+00
 5.0000000000000000e+00
 5.0000000000000000e+00
 1.0000000000000000e+00
 4.0000000000000000e+00
 3.0000000000000000e+00
 2.0000000000000000e+00
 6.0000000000000000e+00
 1.0000000000000000e+00
 4.0000000000000000e+00
 2.0000000000000000e+00
 2.0000000000000000e+00
 1.0000000000000000e+00
 2.0000000000000000e+00
 2.0000000000000000e+00
 0.0000000000000000e+00
 0.0000000000000000e+00
 3.0000000000000000e+00
 4.0000000000000000e+00
 2.0000000000000000e+00
 1.0000000000000000e+00
 1.0000000000000000e+00
 1.0000000000000000e+00
 3.0000000000000000e+00
 2.0000000000000000e+00
 1.0000000000000000e+00
 3.0000000000000000e+00
 4.0000000000000000e+00
 3.0000000000000000e+00
 1.0000000000000000e+00
 1.0000000000000000e+00
 0.0000000000000000e+00
 3.0000000000000000e+00
 2.0000000000000000e+00
 5.0000000000000000e+00
 3.0000000000000000e+00
 4.0000000000000000e+00
 4.0000000000000000e+00
 1.0000000000000000e+00
 1.0000000000000000e+00
 1.0000000000000000e+00
 3.0000000000000000e+00
 0.0000000000000000e+00
 0.0000000000000000e+00
 0.0000000000000000e+00
 4.0000000000000000e+00
 1.0000000000000000e+00
 0.0000000000000000e+00
 1.0000000000000000e+00
 2.0000000000000000e+00
 1.0000000000000000e+00
 1.0000000000000000e+00
 0.0000000000000000e+00
 0.0000000000000000e+00
 1.0000000000000000e+00
 1.0000000000000000e+00
 1.0000000000000000e+00
 1.0000000000000000e+00
 2.0000000000000000e+00
 0.0000000000000000e+00
 1.0000000000000000e+00
 1.0000000000000000e+00
 0.0000000000000000e+00
 1.0000000000000000e+00
 1.0000000000000000e+00
 0.0000000000000000e+00
 0.0000000000000000e+00
 0.0000000000000000e+00
 0.0000000000000000e+00
 1.0000000000000000e+00
 0.0000000000000000e+00
 0.0000000000000000e+00
 1.0000000000000000e+00
 0.0000000000000000e+00
 0.0000000000000000e+00
 0.0000000000000000e+00
 2.0000000000000000e+00
 0.0000000000000000e+00
 1.0000000000000000e+00
 0.0000000000000000e+00
 0.0000000000000000e+00
 2.0000000000000000e+00
 0.0000000000000000e+00
 0.0000000000000000e+00
 1.0000000000000000e+00
 1.0000000000000000e+00
 0.0000000000000000e+00
 0.0000000000000000e+00
 0.0000000000000000e+00
 0.0000000000000000e+00
 0.0000000000000000e+00
 1.0000000000000000e+00
 0.0000000000000000e+00
 1.0000000000000000e+00
 0.0000000000000000e+00
 0.0000000000000000e+00
 0.0000000000000000e+00
 0.0000000000000000e+00
 2.0000000000000000e+00
 0.0000000000000000e+00
 1.0000000000000000e+00
 0.0000000000000000e+00
 0.0000000000000000e+00
 0.0000000000000000e+00
 0.0000000000000000e+00
 1.0000000000000000e+00
 0.0000000000000000e+00
 0.0000000000000000e+00
 0.0000000000000000e+00
 0.0000000000000000e+00
 0.0000000000000000e+00
 1.0000000000000000e+00
 0.0000000000000000e+00
 1.0000000000000000e+00
 0.0000000000000000e+00
 1.0000000000000000e+00
 0.0000000000000000e+00
 0.0000000000000000e+00
 0.0000000000000000e+00
 0.0000000000000000e+00
 0.0000000000000000e+00
 0.0000000000000000e+00
 0.0000000000000000e+00
 0.0000000000000000e+00
 0.0000000000000000e+00
 1.0000000000000000e+00
 0.0000000000000000e+00
 1.0000000000000000e+00
 0.0000000000000000e+00
 0.0000000000000000e+00
 0.0000000000000000e+00
 0.0000000000000000e+00
 0.0000000000000000e+00
 0.0000000000000000e+00
 0.0000000000000000e+00
 0.0000000000000000e+00
 0.0000000000000000e+00
 0.0000000000000000e+00
 0.0000000000000000e+00
 1.0000000000000000e+00
 0.0000000000000000e+00
 0.0000000000000000e+00
 0.0000000000000000e+00
 0.0000000000000000e+00
 0.0000000000000000e+00
 0.0000000000000000e+00
 0.0000000000000000e+00
 0.0000000000000000e+00
 0.0000000000000000e+00
 0.0000000000000000e+00
 0.0000000000000000e+00
 0.0000000000000000e+00
 0.0000000000000000e+00
 0.0000000000000000e+00
 0.0000000000000000e+00
 0.0000000000000000e+00
 0.0000000000000000e+00
 0.0000000000000000e+00
 0.0000000000000000e+00
 0.0000000000000000e+00
 0.0000000000000000e+00
 0.0000000000000000e+00
 0.0000000000000000e+00
 0.0000000000000000e+00
 0.0000000000000000e+00
 0.0000000000000000e+00
 0.0000000000000000e+00
 0.0000000000000000e+00
 0.0000000000000000e+00
 0.0000000000000000e+00
 0.0000000000000000e+00
 0.0000000000000000e+00
 0.0000000000000000e+00
 0.0000000000000000e+00
 0.0000000000000000e+00
 0.0000000000000000e+00
 0.0000000000000000e+00
 0.0000000000000000e+00
 0.0000000000000000e+00
 0.0000000000000000e+00
 0.0000000000000000e+00
 0.0000000000000000e+00
 0.0000000000000000e+00
 0.0000000000000000e+00
 0.0000000000000000e+00
 0.0000000000000000e+00
 0.0000000000000000e+00
 0.0000000000000000e+00
 0.0000000000000000e+00
 0.0000000000000000e+00
 0.0000000000000000e+00
 0.0000000000000000e+00
 0.0000000000000000e+00
 0.0000000000000000e+00
 0.0000000000000000e+00
 0.0000000000000000e+00
 0.0000000000000000e+00
 0.0000000000000000e+00
 0.0000000000000000e+00
 0.0000000000000000e+00
 0.0000000000000000e+00
 0.0000000000000000e+00
 0.0000000000000000e+00
 0.0000000000000000e+00
 0.0000000000000000e+00
 1.0000000000000000e+00
# name: Vect_Pfa
# type: matrix
# rows: 500
# columns: 1
 9.9999999999999989e-01
 9.9879999999999991e-01
 9.3179999999999996e-01
 6.8799999999999994e-01
 5.8479999999999999e-01
 5.0380000000000003e-01
 4.4180000000000003e-01
 3.9160000000000000e-01
 3.4780000000000000e-01
 3.0900000000000000e-01
 2.7960000000000002e-01
 2.5140000000000001e-01
 2.2680000000000003e-01
 2.0640000000000003e-01
 1.8620000000000003e-01
 1.6620000000000004e-01
 1.5360000000000004e-01
 1.3780000000000003e-01
 1.2440000000000002e-01
 1.1500000000000002e-01
 1.0320000000000001e-01
 9.5600000000000018e-02
 8.8200000000000014e-02
 8.1400000000000014e-02
 7.4000000000000010e-02
 6.8000000000000005e-02
 6.1600000000000002e-02
 5.6600000000000004e-02
 5.0000000000000003e-02
 4.7200000000000006e-02
 4.3200000000000002e-02
 3.7999999999999999e-02
 3.4799999999999998e-02
 3.2599999999999997e-02
 3.0199999999999998e-02
 2.7999999999999997e-02
 2.5799999999999997e-02
 2.4399999999999998e-02
 2.2799999999999997e-02
 2.0599999999999997e-02
 1.9999999999999997e-02
 1.8799999999999997e-02
 1.6799999999999999e-02
 1.5200000000000000e-02
 1.3599999999999999e-02
 1.2999999999999999e-02
 1.2400000000000000e-02
 1.0799999999999999e-02
 9.3999999999999986e-03
 9.3999999999999986e-03
 8.3999999999999995e-03
 7.7999999999999996e-03
 7.3999999999999995e-03
 6.1999999999999998e-03
 5.7999999999999996e-03
 4.7999999999999996e-03
 4.5999999999999999e-03
 4.5999999999999999e-03
 4.1999999999999997e-03
 4.0000000000000001e-03
 3.8000000000000004e-03
 3.2000000000000006e-03
 3.0000000000000005e-03
 3.0000000000000005e-03
 2.4000000000000007e-03
 2.4000000000000007e-03
 2.4000000000000007e-03
 2.0000000000000005e-03
 1.8000000000000004e-03
 1.6000000000000003e-03
 1.6000000000000003e-03
 1.6000000000000003e-03
 1.6000000000000003e-03
 1.4000000000000002e-03
 1.2000000000000001e-03
 1.0000000000000000e-03
 1.0000000000000000e-03
 1.0000000000000000e-03
 1.0000000000000000e-03
 1.0000000000000000e-03
 1.0000000000000000e-03
 1.0000000000000000e-03
 1.0000000000000000e-03
 1.0000000000000000e-03
 1.0000000000000000e-03
 8.0000000000000004e-04
 8.0000000000000004e-04
 8.0000000000000004e-04
 8.0000000000000004e-04
 6.0000000000000006e-04
 6.0000000000000006e-04
 6.0000000000000006e-04
 4.0000000000000002e-04
 4.0000000000000002e-04
 4.0000000000000002e-04
 4.0000000000000002e-04
 4.0000000000000002e-04
 0.0000000000000000e+00
 0.0000000000000000e+00
 0.0000000000000000e+00
 0.0000000000000000e+00
 0.0000000000000000e+00
 0.0000000000000000e+00
 0.0000000000000000e+00
 0.0000000000000000e+00
 0.0000000000000000e+00
 0.0000000000000000e+00
 0.0000000000000000e+00
 0.0000000000000000e+00
 0.0000000000000000e+00
 0.0000000000000000e+00
 0.0000000000000000e+00
 0.0000000000000000e+00
 0.0000000000000000e+00
 0.0000000000000000e+00
 0.0000000000000000e+00
 0.0000000000000000e+00
 0.0000000000000000e+00
 0.0000000000000000e+00
 0.0000000000000000e+00
 0.0000000000000000e+00
 0.0000000000000000e+00
 0.0000000000000000e+00
 0.0000000000000000e+00
 0.0000000000000000e+00
 0.0000000000000000e+00
 0.0000000000000000e+00
 0.0000000000000000e+00
 0.0000000000000000e+00
 0.0000000000000000e+00
 0.0000000000000000e+00
 0.0000000000000000e+00
 0.0000000000000000e+00
 0.0000000000000000e+00
 0.0000000000000000e+00
 0.0000000000000000e+00
 0.0000000000000000e+00
 0.0000000000000000e+00
 0.0000000000000000e+00
 0.0000000000000000e+00
 0.0000000000000000e+00
 0.0000000000000000e+00
 0.0000000000000000e+00
 0.0000000000000000e+00
 0.0000000000000000e+00
 0.0000000000000000e+00
 0.0000000000000000e+00
 0.0000000000000000e+00
 0.0000000000000000e+00
 0.0000000000000000e+00
 0.0000000000000000e+00
 0.0000000000000000e+00
 0.0000000000000000e+00
 0.0000000000000000e+00
 0.0000000000000000e+00
 0.0000000000000000e+00
 0.0000000000000000e+00
 0.0000000000000000e+00
 0.0000000000000000e+00
 0.0000000000000000e+00
 0.0000000000000000e+00
 0.0000000000000000e+00
 0.0000000000000000e+00
 0.0000000000000000e+00
 0.0000000000000000e+00
 0.0000000000000000e+00
 0.0000000000000000e+00
 0.0000000000000000e+00
 0.0000000000000000e+00
 0.0000000000000000e+00
 0.0000000000000000e+00
 0.0000000000000000e+00
 0.0000000000000000e+00
 0.0000000000000000e+00
 0.0000000000000000e+00
 0.0000000000000000e+00
 0.0000000000000000e+00
 0.0000000000000000e+00
 0.0000000000000000e+00
 0.0000000000000000e+00
 0.0000000000000000e+00
 0.0000000000000000e+00
 0.0000000000000000e+00
 0.0000000000000000e+00
 0.0000000000000000e+00
 0.0000000000000000e+00
 0.0000000000000000e+00
 0.0000000000000000e+00
 0.0000000000000000e+00
 0.0000000000000000e+00
 0.0000000000000000e+00
 0.0000000000000000e+00
 0.0000000000000000e+00
 0.0000000000000000e+00
 0.0000000000000000e+00
 0.0000000000000000e+00
 0.0000000000000000e+00
 0.0000000000000000e+00
 0.0000000000000000e+00
 0.0000000000000000e+00
 0.0000000000000000e+00
 0.0000000000000000e+00
 0.0000000000000000e+00
 0.0000000000000000e+00
 0.0000000000000000e+00
 0.0000000000000000e+00
 0.0000000000000000e+00
 0.0000000000000000e+00
 0.0000000000000000e+00
 0.0000000000000000e+00
 0.0000000000000000e+00
 0.0000000000000000e+00
 0.0000000000000000e+00
 0.0000000000000000e+00
 0.0000000000000000e+00
 0.0000000000000000e+00
 0.0000000000000000e+00
 0.0000000000000000e+00
 0.0000000000000000e+00
 0.0000000000000000e+00
 0.0000000000000000e+00
 0.0000000000000000e+00
 0.0000000000000000e+00
 0.0000000000000000e+00
 0.0000000000000000e+00
 0.0000000000000000e+00
 0.0000000000000000e+00
 0.0000000000000000e+00
 0.0000000000000000e+00
 0.0000000000000000e+00
 0.0000000000000000e+00
 0.0000000000000000e+00
 0.0000000000000000e+00
 0.0000000000000000e+00
 0.0000000000000000e+00
 0.0000000000000000e+00
 0.0000000000000000e+00
 0.0000000000000000e+00
 0.0000000000000000e+00
 0.0000000000000000e+00
 0.0000000000000000e+00
 0.0000000000000000e+00
 0.0000000000000000e+00
 0.0000000000000000e+00
 0.0000000000000000e+00
 0.0000000000000000e+00
 0.0000000000000000e+00
 0.0000000000000000e+00
 0.0000000000000000e+00
 0.0000000000000000e+00
 0.0000000000000000e+00
 0.0000000000000000e+00
 0.0000000000000000e+00
 0.0000000000000000e+00
 0.0000000000000000e+00
 0.0000000000000000e+00
 0.0000000000000000e+00
 0.0000000000000000e+00
 0.0000000000000000e+00
 0.0000000000000000e+00
 0.0000000000000000e+00
 0.0000000000000000e+00
 0.0000000000000000e+00
 0.0000000000000000e+00
 0.0000000000000000e+00
 0.0000000000000000e+00
 0.0000000000000000e+00
 0.0000000000000000e+00
 0.0000000000000000e+00
 0.0000000000000000e+00
 0.0000000000000000e+00
 0.0000000000000000e+00
 0.0000000000000000e+00
 0.0000000000000000e+00
 0.0000000000000000e+00
 0.0000000000000000e+00
 0.0000000000000000e+00
 0.0000000000000000e+00
 0.0000000000000000e+00
 0.0000000000000000e+00
 0.0000000000000000e+00
 0.0000000000000000e+00
 0.0000000000000000e+00
 0.0000000000000000e+00
 0.0000000000000000e+00
 0.0000000000000000e+00
 0.0000000000000000e+00
 0.0000000000000000e+00
 0.0000000000000000e+00
 0.0000000000000000e+00
 0.0000000000000000e+00
 0.0000000000000000e+00
 0.0000000000000000e+00
 0.0000000000000000e+00
 0.0000000000000000e+00
 0.0000000000000000e+00
 0.0000000000000000e+00
 0.0000000000000000e+00
 0.0000000000000000e+00
 0.0000000000000000e+00
 0.0000000000000000e+00
 0.0000000000000000e+00
 0.0000000000000000e+00
 0.0000000000000000e+00
 0.0000000000000000e+00
 0.0000000000000000e+00
 0.0000000000000000e+00
 0.0000000000000000e+00
 0.0000000000000000e+00
 0.0000000000000000e+00
 0.0000000000000000e+00
 0.0000000000000000e+00
 0.0000000000000000e+00
 0.0000000000000000e+00
 0.0000000000000000e+00
 0.0000000000000000e+00
 0.0000000000000000e+00
 0.0000000000000000e+00
 0.0000000000000000e+00
 0.0000000000000000e+00
 0.0000000000000000e+00
 0.0000000000000000e+00
 0.0000000000000000e+00
 0.0000000000000000e+00
 0.0000000000000000e+00
 0.0000000000000000e+00
 0.0000000000000000e+00
 0.0000000000000000e+00
 0.0000000000000000e+00
 0.0000000000000000e+00
 0.0000000000000000e+00
 0.0000000000000000e+00
 0.0000000000000000e+00
 0.0000000000000000e+00
 0.0000000000000000e+00
 0.0000000000000000e+00
 0.0000000000000000e+00
 0.0000000000000000e+00
 0.0000000000000000e+00
 0.0000000000000000e+00
 0.0000000000000000e+00
 0.0000000000000000e+00
 0.0000000000000000e+00
 0.0000000000000000e+00
 0.0000000000000000e+00
 0.0000000000000000e+00
 0.0000000000000000e+00
 0.0000000000000000e+00
 0.0000000000000000e+00
 0.0000000000000000e+00
 0.0000000000000000e+00
 0.0000000000000000e+00
 0.0000000000000000e+00
 0.0000000000000000e+00
 0.0000000000000000e+00
 0.0000000000000000e+00
 0.0000000000000000e+00
 0.0000000000000000e+00
 0.0000000000000000e+00
 0.0000000000000000e+00
 0.0000000000000000e+00
 0.0000000000000000e+00
 0.0000000000000000e+00
 0.0000000000000000e+00
 0.0000000000000000e+00
 0.0000000000000000e+00
 0.0000000000000000e+00
 0.0000000000000000e+00
 0.0000000000000000e+00
 0.0000000000000000e+00
 0.0000000000000000e+00
 0.0000000000000000e+00
 0.0000000000000000e+00
 0.0000000000000000e+00
 0.0000000000000000e+00
 0.0000000000000000e+00
 0.0000000000000000e+00
 0.0000000000000000e+00
 0.0000000000000000e+00
 0.0000000000000000e+00
 0.0000000000000000e+00
 0.0000000000000000e+00
 0.0000000000000000e+00
 0.0000000000000000e+00
 0.0000000000000000e+00
 0.0000000000000000e+00
 0.0000000000000000e+00
 0.0000000000000000e+00
 0.0000000000000000e+00
 0.0000000000000000e+00
 0.0000000000000000e+00
 0.0000000000000000e+00
 0.0000000000000000e+00
 0.0000000000000000e+00
 0.0000000000000000e+00
 0.0000000000000000e+00
 0.0000000000000000e+00
 0.0000000000000000e+00
 0.0000000000000000e+00
 0.0000000000000000e+00
 0.0000000000000000e+00
 0.0000000000000000e+00
 0.0000000000000000e+00
 0.0000000000000000e+00
 0.0000000000000000e+00
 0.0000000000000000e+00
 0.0000000000000000e+00
 0.0000000000000000e+00
 0.0000000000000000e+00
 0.0000000000000000e+00
 0.0000000000000000e+00
 0.0000000000000000e+00
 0.0000000000000000e+00
 0.0000000000000000e+00
 0.0000000000000000e+00
 0.0000000000000000e+00
 0.0000000000000000e+00
 0.0000000000000000e+00
 0.0000000000000000e+00
 0.0000000000000000e+00
 0.0000000000000000e+00
 0.0000000000000000e+00
 0.0000000000000000e+00
 0.0000000000000000e+00
 0.0000000000000000e+00
 0.0000000000000000e+00
 0.0000000000000000e+00
 0.0000000000000000e+00
 0.0000000000000000e+00
 0.0000000000000000e+00
 0.0000000000000000e+00
 0.0000000000000000e+00
 0.0000000000000000e+00
 0.0000000000000000e+00
 0.0000000000000000e+00
 0.0000000000000000e+00
 0.0000000000000000e+00
 0.0000000000000000e+00
 0.0000000000000000e+00
 0.0000000000000000e+00
 0.0000000000000000e+00
 0.0000000000000000e+00
 0.0000000000000000e+00
 0.0000000000000000e+00
 0.0000000000000000e+00
 0.0000000000000000e+00
 0.0000000000000000e+00
 0.0000000000000000e+00
 0.0000000000000000e+00
 0.0000000000000000e+00
 0.0000000000000000e+00
 0.0000000000000000e+00
 0.0000000000000000e+00
 0.0000000000000000e+00
 0.0000000000000000e+00
 0.0000000000000000e+00
 0.0000000000000000e+00
 0.0000000000000000e+00
 0.0000000000000000e+00
 0.0000000000000000e+00
 0.0000000000000000e+00
 0.0000000000000000e+00
 0.0000000000000000e+00
 0.0000000000000000e+00
 0.0000000000000000e+00
 0.0000000000000000e+00
 0.0000000000000000e+00
 0.0000000000000000e+00
 0.0000000000000000e+00
 0.0000000000000000e+00
 0.0000000000000000e+00
 0.0000000000000000e+00
 0.0000000000000000e+00
 0.0000000000000000e+00
 0.0000000000000000e+00
 0.0000000000000000e+00
 0.0000000000000000e+00
 0.0000000000000000e+00
 0.0000000000000000e+00
 0.0000000000000000e+00
 0.0000000000000000e+00
 0.0000000000000000e+00
 0.0000000000000000e+00
 0.0000000000000000e+00
 0.0000000000000000e+00
 0.0000000000000000e+00
 0.0000000000000000e+00
 0.0000000000000000e+00
 0.0000000000000000e+00
 0.0000000000000000e+00
 0.0000000000000000e+00
 0.0000000000000000e+00
 0.0000000000000000e+00
 0.0000000000000000e+00
 0.0000000000000000e+00
 0.0000000000000000e+00
 0.0000000000000000e+00
 0.0000000000000000e+00
 0.0000000000000000e+00
 0.0000000000000000e+00
# name: Vect_Pd
# type: matrix
# rows: 500
# columns: 1
 1.0000000000000002e+00
 1.0000000000000002e+00
 1.0000000000000002e+00
 1.0000000000000002e+00
 1.0000000000000002e+00
 1.0000000000000002e+00
 1.0000000000000002e+00
 1.0000000000000002e+00
 1.0000000000000002e+00
 1.0000000000000002e+00
 9.9980000000000024e-01
 9.9980000000000024e-01
 9.9960000000000027e-01
 9.9960000000000027e-01
 9.9920000000000031e-01
 9.9920000000000031e-01
 9.9880000000000035e-01
 9.9860000000000038e-01
 9.9820000000000042e-01
 9.9780000000000046e-01
 9.9680000000000046e-01
 9.9640000000000051e-01
 9.9620000000000053e-01
 9.9520000000000053e-01
 9.9480000000000057e-01
 9.9420000000000053e-01
 9.9400000000000055e-01
 9.9380000000000057e-01
 9.9320000000000053e-01
 9.9320000000000053e-01
 9.9280000000000057e-01
 9.9220000000000053e-01
 9.9180000000000057e-01
 9.9120000000000053e-01
 9.9060000000000048e-01
 9.9000000000000044e-01
 9.8940000000000039e-01
 9.8860000000000037e-01
 9.8700000000000032e-01
 9.8600000000000032e-01
 9.8500000000000032e-01
 9.8300000000000032e-01
 9.8220000000000030e-01
 9.8100000000000032e-01
 9.8020000000000029e-01
 9.7880000000000034e-01
 9.7700000000000031e-01
 9.7540000000000027e-01
 9.7440000000000027e-01
 9.7320000000000029e-01
 9.7140000000000026e-01
 9.6840000000000026e-01
 9.6680000000000021e-01
 9.6460000000000024e-01
 9.6180000000000021e-01
 9.5900000000000019e-01
 9.5620000000000016e-01
 9.5280000000000020e-01
 9.5100000000000018e-01
 9.4820000000000015e-01
 9.4640000000000013e-01
 9.4240000000000013e-01
 9.4000000000000017e-01
 9.3620000000000014e-01
 9.3160000000000009e-01
 9.2780000000000007e-01
 9.2500000000000004e-01
 9.2240000000000000e-01
 9.1800000000000004e-01
 9.1420000000000001e-01
 9.1020000000000001e-01
 9.0659999999999996e-01
 9.0099999999999991e-01
 8.9779999999999993e-01
 8.9319999999999988e-01
 8.8799999999999990e-01
 8.8399999999999990e-01
 8.7919999999999987e-01
 8.7479999999999991e-01
 8.7019999999999986e-01
 8.6739999999999984e-01
 8.6319999999999986e-01
 8.5799999999999987e-01
 8.5299999999999987e-01
 8.4939999999999982e-01
 8.4399999999999986e-01
 8.4019999999999984e-01
 8.3579999999999988e-01
 8.2939999999999992e-01
 8.2499999999999996e-01
 8.1899999999999995e-01
 8.1379999999999997e-01
 8.0999999999999994e-01
 8.0439999999999989e-01
 7.9839999999999989e-01
 7.9299999999999993e-01
 7.8759999999999997e-01
 7.8279999999999994e-01
 7.7639999999999998e-01
 7.6959999999999995e-01
 7.6439999999999997e-01
 7.5939999999999996e-01
 7.5339999999999996e-01
 7.4739999999999995e-01
 7.4059999999999993e-01
 7.3519999999999996e-01
 7.2919999999999996e-01
 7.2299999999999998e-01
 7.1660000000000001e-01
 7.0979999999999999e-01
 7.0199999999999996e-01
 6.9619999999999993e-01
 6.9079999999999997e-01
 6.8540000000000001e-01
 6.7800000000000005e-01
 6.7040000000000000e-01
 6.6220000000000001e-01
 6.5620000000000001e-01
 6.5080000000000005e-01
 6.4540000000000008e-01
 6.3940000000000008e-01
 6.3220000000000010e-01
 6.2520000000000009e-01
 6.1900000000000011e-01
 6.1100000000000010e-01
 6.0380000000000011e-01
 5.9540000000000015e-01
 5.8560000000000012e-01
 5.8000000000000007e-01
 5.7320000000000004e-01
 5.6620000000000004e-01
 5.6080000000000008e-01
 5.5480000000000007e-01
 5.4820000000000002e-01
 5.4259999999999997e-01
 5.3599999999999992e-01
 5.2959999999999996e-01
 5.2220000000000000e-01
 5.1759999999999995e-01
 5.1239999999999997e-01
 5.0759999999999994e-01
 5.0279999999999991e-01
 4.9659999999999993e-01
 4.9079999999999996e-01
 4.8559999999999998e-01
 4.7819999999999996e-01
 4.7179999999999994e-01
 4.6619999999999995e-01
 4.6099999999999997e-01
 4.5599999999999996e-01
 4.4919999999999999e-01
 4.4419999999999998e-01
 4.3719999999999998e-01
 4.3159999999999998e-01
 4.2619999999999997e-01
 4.1999999999999998e-01
 4.1459999999999997e-01
 4.0859999999999996e-01
 4.0239999999999998e-01
 3.9879999999999999e-01
 3.9339999999999997e-01
 3.8859999999999995e-01
 3.8419999999999993e-01
 3.7919999999999993e-01
 3.7419999999999992e-01
 3.7119999999999992e-01
 3.6359999999999992e-01
 3.5939999999999994e-01
 3.5359999999999991e-01
 3.4819999999999990e-01
 3.4299999999999992e-01
 3.3879999999999993e-01
 3.3539999999999992e-01
 3.3039999999999992e-01
 3.2519999999999993e-01
 3.1959999999999994e-01
 3.1279999999999997e-01
 3.0939999999999995e-01
 3.0439999999999995e-01
 2.9999999999999993e-01
 2.9399999999999993e-01
 2.8979999999999995e-01
 2.8459999999999996e-01
 2.7959999999999996e-01
 2.7439999999999998e-01
 2.6739999999999997e-01
 2.6219999999999999e-01
 2.5819999999999999e-01
 2.5240000000000001e-01
 2.4840000000000004e-01
 2.4420000000000003e-01
 2.4020000000000002e-01
 2.3700000000000002e-01
 2.3320000000000002e-01
 2.2900000000000001e-01
 2.2480000000000000e-01
 2.2200000000000000e-01
 2.1660000000000001e-01
 2.1320000000000003e-01
 2.0960000000000004e-01
 2.0500000000000004e-01
 2.0040000000000005e-01
 1.9680000000000006e-01
 1.9180000000000005e-01
 1.8740000000000007e-01
 1.8320000000000006e-01
 1.8000000000000005e-01
 1.7620000000000005e-01
 1.7400000000000004e-01
 1.7080000000000004e-01
 1.6680000000000003e-01
 1.6460000000000002e-01
 1.6100000000000003e-01
 1.5780000000000002e-01
 1.5520000000000003e-01
 1.5220000000000003e-01
 1.4920000000000003e-01
 1.4540000000000003e-01
 1.4280000000000004e-01
 1.4060000000000003e-01
 1.3860000000000003e-01
 1.3520000000000004e-01
 1.3280000000000003e-01
 1.3080000000000003e-01
 1.2940000000000002e-01
 1.2760000000000002e-01
 1.2520000000000001e-01
 1.2340000000000000e-01
 1.2079999999999999e-01
 1.1860000000000000e-01
 1.1640000000000000e-01
 1.1500000000000000e-01
 1.1240000000000000e-01
 1.1020000000000001e-01
 1.0820000000000000e-01
 1.0660000000000000e-01
 1.0539999999999999e-01
 1.0260000000000000e-01
 9.9999999999999992e-02
 9.7199999999999995e-02
 9.5000000000000001e-02
 9.3200000000000005e-02
 9.1600000000000001e-02
 8.8999999999999996e-02
 8.7200000000000000e-02
 8.5400000000000004e-02
 8.3799999999999999e-02
 8.2599999999999993e-02
 7.9999999999999988e-02
 7.7799999999999994e-02
 7.5600000000000001e-02
 7.3200000000000001e-02
 7.1800000000000003e-02
 7.0000000000000007e-02
 6.8000000000000005e-02
 6.7600000000000007e-02
 6.5800000000000011e-02
 6.5200000000000008e-02
 6.3800000000000009e-02
 6.2000000000000013e-02
 6.0800000000000014e-02
 5.9600000000000014e-02
 5.8200000000000016e-02
 5.7000000000000016e-02
 5.5800000000000016e-02
 5.4400000000000018e-02
 5.2600000000000015e-02
 5.1400000000000015e-02
 5.0000000000000017e-02
 4.8800000000000017e-02
 4.7200000000000020e-02
 4.6400000000000018e-02
 4.4600000000000015e-02
 4.2600000000000013e-02
 4.1800000000000011e-02
 4.0200000000000014e-02
 3.9000000000000014e-02
 3.8800000000000015e-02
 3.8000000000000013e-02
 3.7400000000000010e-02
 3.6600000000000008e-02
 3.6000000000000004e-02
 3.5400000000000001e-02
 3.4799999999999998e-02
 3.3599999999999998e-02
 3.2799999999999996e-02
 3.1999999999999994e-02
 3.1599999999999996e-02
 3.0999999999999993e-02
 3.0999999999999993e-02
 3.0799999999999994e-02
 2.9799999999999993e-02
 2.8999999999999995e-02
 2.8599999999999993e-02
 2.8399999999999995e-02
 2.7799999999999995e-02
 2.6799999999999994e-02
 2.5799999999999993e-02
 2.5599999999999994e-02
 2.4799999999999996e-02
 2.4199999999999996e-02
 2.3799999999999995e-02
 2.2599999999999995e-02
 2.2399999999999996e-02
 2.1599999999999998e-02
 2.1199999999999997e-02
 2.0799999999999996e-02
 2.0599999999999997e-02
 2.0199999999999996e-02
 1.9799999999999995e-02
 1.9799999999999995e-02
 1.9799999999999995e-02
 1.9199999999999995e-02
 1.8399999999999996e-02
 1.7999999999999995e-02
 1.7799999999999996e-02
 1.7599999999999998e-02
 1.7399999999999999e-02
 1.6799999999999999e-02
 1.6399999999999998e-02
 1.6199999999999999e-02
 1.5599999999999999e-02
 1.4799999999999999e-02
 1.4199999999999999e-02
 1.3999999999999999e-02
 1.3799999999999998e-02
 1.3799999999999998e-02
 1.3199999999999998e-02
 1.2799999999999999e-02
 1.1799999999999998e-02
 1.1199999999999998e-02
 1.0399999999999998e-02
 9.5999999999999974e-03
 9.3999999999999969e-03
 9.1999999999999964e-03
 8.9999999999999959e-03
 8.3999999999999960e-03
 8.3999999999999960e-03
 8.3999999999999960e-03
 8.3999999999999960e-03
 7.5999999999999965e-03
 7.3999999999999969e-03
 7.3999999999999969e-03
 7.1999999999999972e-03
 6.7999999999999970e-03
 6.5999999999999974e-03
 6.3999999999999977e-03
 6.3999999999999977e-03
 6.3999999999999977e-03
 6.1999999999999980e-03
 5.9999999999999984e-03
 5.7999999999999987e-03
 5.5999999999999991e-03
 5.1999999999999989e-03
 5.1999999999999989e-03
 4.9999999999999992e-03
 4.7999999999999996e-03
 4.7999999999999996e-03
 4.5999999999999999e-03
 4.4000000000000003e-03
 4.4000000000000003e-03
 4.4000000000000003e-03
 4.4000000000000003e-03
 4.4000000000000003e-03
 4.2000000000000006e-03
 4.2000000000000006e-03
 4.2000000000000006e-03
 4.0000000000000010e-03
 4.0000000000000010e-03
 4.0000000000000010e-03
 4.0000000000000010e-03
 3.6000000000000012e-03
 3.6000000000000012e-03
 3.4000000000000011e-03
 3.4000000000000011e-03
 3.4000000000000011e-03
 3.0000000000000009e-03
 3.0000000000000009e-03
 3.0000000000000009e-03
 2.8000000000000008e-03
 2.6000000000000007e-03
 2.6000000000000007e-03
 2.6000000000000007e-03
 2.6000000000000007e-03
 2.6000000000000007e-03
 2.6000000000000007e-03
 2.4000000000000007e-03
 2.4000000000000007e-03
 2.2000000000000006e-03
 2.2000000000000006e-03
 2.2000000000000006e-03
 2.2000000000000006e-03
 2.2000000000000006e-03
 1.8000000000000004e-03
 1.8000000000000004e-03
 1.6000000000000003e-03
 1.6000000000000003e-03
 1.6000000000000003e-03
 1.6000000000000003e-03
 1.6000000000000003e-03
 1.4000000000000002e-03
 1.4000000000000002e-03
 1.4000000000000002e-03
 1.4000000000000002e-03
 1.4000000000000002e-03
 1.4000000000000002e-03
 1.2000000000000001e-03
 1.2000000000000001e-03
 1.0000000000000000e-03
 1.0000000000000000e-03
 8.0000000000000004e-04
 8.0000000000000004e-04
 8.0000000000000004e-04
 8.0000000000000004e-04
 8.0000000000000004e-04
 8.0000000000000004e-04
 8.0000000000000004e-04
 8.0000000000000004e-04
 8.0000000000000004e-04
 8.0000000000000004e-04
 6.0000000000000006e-04
 6.0000000000000006e-04
 4.0000000000000002e-04
 4.0000000000000002e-04
 4.0000000000000002e-04
 4.0000000000000002e-04
 4.0000000000000002e-04
 4.0000000000000002e-04
 4.0000000000000002e-04
 4.0000000000000002e-04
 4.0000000000000002e-04
 4.0000000000000002e-04
 4.0000000000000002e-04
 4.0000000000000002e-04
 2.0000000000000001e-04
 2.0000000000000001e-04
 2.0000000000000001e-04
 2.0000000000000001e-04
 2.0000000000000001e-04
 2.0000000000000001e-04
 2.0000000000000001e-04
 2.0000000000000001e-04
 2.0000000000000001e-04
 2.0000000000000001e-04
 2.0000000000000001e-04
 2.0000000000000001e-04
 2.0000000000000001e-04
 2.0000000000000001e-04
 2.0000000000000001e-04
 2.0000000000000001e-04
 2.0000000000000001e-04
 2.0000000000000001e-04
 2.0000000000000001e-04
 2.0000000000000001e-04
 2.0000000000000001e-04
 2.0000000000000001e-04
 2.0000000000000001e-04
 2.0000000000000001e-04
 2.0000000000000001e-04
 2.0000000000000001e-04
 2.0000000000000001e-04
 2.0000000000000001e-04
 2.0000000000000001e-04
 2.0000000000000001e-04
 2.0000000000000001e-04
 2.0000000000000001e-04
 2.0000000000000001e-04
 2.0000000000000001e-04
 2.0000000000000001e-04
 2.0000000000000001e-04
 2.0000000000000001e-04
 2.0000000000000001e-04
 2.0000000000000001e-04
 2.0000000000000001e-04
 2.0000000000000001e-04
 2.0000000000000001e-04
 2.0000000000000001e-04
 2.0000000000000001e-04
 2.0000000000000001e-04
 2.0000000000000001e-04
 2.0000000000000001e-04
 2.0000000000000001e-04
 2.0000000000000001e-04
 2.0000000000000001e-04
 2.0000000000000001e-04
 2.0000000000000001e-04
 2.0000000000000001e-04
 2.0000000000000001e-04
 2.0000000000000001e-04
 2.0000000000000001e-04
 2.0000000000000001e-04
 2.0000000000000001e-04
 2.0000000000000001e-04
 2.0000000000000001e-04
 2.0000000000000001e-04
 2.0000000000000001e-04
 2.0000000000000001e-04
 2.0000000000000001e-04
 2.0000000000000001e-04
 2.0000000000000001e-04
