# Created by Physics and Images Processing Group 
# name: Abs
# type: matrix
# rows: 500
# columns: 1
 -6.4155302591539112e+00
 -6.3589422121067996e+00
 -6.3023541650596879e+00
 -6.2457661180125763e+00
 -6.1891780709654647e+00
 -6.1325900239183531e+00
 -6.0760019768712414e+00
 -6.0194139298241307e+00
 -5.9628258827770191e+00
 -5.9062378357299075e+00
 -5.8496497886827958e+00
 -5.7930617416356842e+00
 -5.7364736945885726e+00
 -5.6798856475414610e+00
 -5.6232976004943493e+00
 -5.5667095534472377e+00
 -5.5101215064001261e+00
 -5.4535334593530145e+00
 -5.3969454123059029e+00
 -5.3403573652587912e+00
 -5.2837693182116805e+00
 -5.2271812711645680e+00
 -5.1705932241174573e+00
 -5.1140051770703447e+00
 -5.0574171300232340e+00
 -5.0008290829761224e+00
 -4.9442410359290108e+00
 -4.8876529888818991e+00
 -4.8310649418347875e+00
 -4.7744768947876759e+00
 -4.7178888477405643e+00
 -4.6613008006934527e+00
 -4.6047127536463410e+00
 -4.5481247065992294e+00
 -4.4915366595521178e+00
 -4.4349486125050070e+00
 -4.3783605654578945e+00
 -4.3217725184107838e+00
 -4.2651844713636713e+00
 -4.2085964243165606e+00
 -4.1520083772694489e+00
 -4.0954203302223373e+00
 -4.0388322831752257e+00
 -3.9822442361281141e+00
 -3.9256561890810024e+00
 -3.8690681420338908e+00
 -3.8124800949867792e+00
 -3.7558920479396680e+00
 -3.6993040008925564e+00
 -3.6427159538454448e+00
 -3.5861279067983332e+00
 -3.5295398597512215e+00
 -3.4729518127041099e+00
 -3.4163637656569983e+00
 -3.3597757186098871e+00
 -3.3031876715627755e+00
 -3.2465996245156639e+00
 -3.1900115774685522e+00
 -3.1334235304214406e+00
 -3.0768354833743290e+00
 -3.0202474363272174e+00
 -2.9636593892801062e+00
 -2.9070713422329946e+00
 -2.8504832951858829e+00
 -2.7938952481387713e+00
 -2.7373072010916597e+00
 -2.6807191540445481e+00
 -2.6241311069974365e+00
 -2.5675430599503253e+00
 -2.5109550129032137e+00
 -2.4543669658561020e+00
 -2.3977789188089904e+00
 -2.3411908717618788e+00
 -2.2846028247147672e+00
 -2.2280147776676555e+00
 -2.1714267306205439e+00
 -2.1148386835734323e+00
 -2.0582506365263207e+00
 -2.0016625894792091e+00
 -1.9450745424320983e+00
 -1.8884864953849867e+00
 -1.8318984483378751e+00
 -1.7753104012907635e+00
 -1.7187223542436518e+00
 -1.6621343071965402e+00
 -1.6055462601494286e+00
 -1.5489582131023170e+00
 -1.4923701660552053e+00
 -1.4357821190080937e+00
 -1.3791940719609821e+00
 -1.3226060249138705e+00
 -1.2660179778667588e+00
 -1.2094299308196472e+00
 -1.1528418837725365e+00
 -1.0962538367254249e+00
 -1.0396657896783132e+00
 -9.8307774263120162e-01
 -9.2648969558409000e-01
 -8.6990164853697838e-01
 -8.1331360148986676e-01
 -7.5672555444275513e-01
 -7.0013750739564351e-01
 -6.4354946034853189e-01
 -5.8696141330142027e-01
 -5.3037336625430864e-01
 -4.7378531920719702e-01
 -4.1719727216008540e-01
 -3.6060922511297466e-01
 -3.0402117806586304e-01
 -2.4743313101875142e-01
 -1.9084508397163980e-01
 -1.3425703692452817e-01
 -7.7668989877416550e-02
 -2.1080942830304927e-02
 3.5507104216806695e-02
 9.2095151263918318e-02
 1.4868319831102994e-01
 2.0527124535814156e-01
 2.6185929240525319e-01
 3.1844733945236481e-01
 3.7503538649947643e-01
 4.3162343354658717e-01
 4.8821148059369879e-01
 5.4479952764081041e-01
 6.0138757468792203e-01
 6.5797562173503366e-01
 7.1456366878214528e-01
 7.7115171582925690e-01
 8.2773976287636852e-01
 8.8432780992348015e-01
 9.4091585697059177e-01
 9.9750390401770339e-01
 1.0540919510648150e+00
 1.1106799981119266e+00
 1.1672680451590383e+00
 1.2238560922061499e+00
 1.2804441392532606e+00
 1.3370321863003722e+00
 1.3936202333474839e+00
 1.4502082803945955e+00
 1.5067963274417071e+00
 1.5633843744888187e+00
 1.6199724215359304e+00
 1.6765604685830411e+00
 1.7331485156301536e+00
 1.7897365626772643e+00
 1.8463246097243768e+00
 1.9029126567714876e+00
 1.9595007038186001e+00
 2.0160887508657108e+00
 2.0726767979128233e+00
 2.1292648449599341e+00
 2.1858528920070466e+00
 2.2424409390541573e+00
 2.2990289861012698e+00
 2.3556170331483806e+00
 2.4122050801954931e+00
 2.4687931272426038e+00
 2.5253811742897145e+00
 2.5819692213368270e+00
 2.6385572683839378e+00
 2.6951453154310503e+00
 2.7517333624781610e+00
 2.8083214095252735e+00
 2.8649094565723843e+00
 2.9214975036194968e+00
 2.9780855506666075e+00
 3.0346735977137200e+00
 3.0912616447608308e+00
 3.1478496918079433e+00
 3.2044377388550540e+00
 3.2610257859021647e+00
 3.3176138329492773e+00
 3.3742018799963880e+00
 3.4307899270435005e+00
 3.4873779740906112e+00
 3.5439660211377237e+00
 3.6005540681848345e+00
 3.6571421152319470e+00
 3.7137301622790577e+00
 3.7703182093261702e+00
 3.8269062563732810e+00
 3.8834943034203935e+00
 3.9400823504675042e+00
 3.9966703975146167e+00
 4.0532584445617275e+00
 4.1098464916088382e+00
 4.1664345386559507e+00
 4.2230225857030614e+00
 4.2796106327501739e+00
 4.3361986797972847e+00
 4.3927867268443972e+00
 4.4493747738915079e+00
 4.5059628209386204e+00
 4.5625508679857312e+00
 4.6191389150328437e+00
 4.6757269620799544e+00
 4.7323150091270669e+00
 4.7889030561741777e+00
 4.8454911032212902e+00
 4.9020791502684009e+00
 4.9586671973155116e+00
 5.0152552443626242e+00
 5.0718432914097349e+00
 5.1284313384568474e+00
 5.1850193855039581e+00
 5.2416074325510706e+00
 5.2981954795981814e+00
 5.3547835266452939e+00
 5.4113715736924046e+00
 5.4679596207395171e+00
 5.5245476677866279e+00
 5.5811357148337404e+00
 5.6377237618808511e+00
 5.6943118089279618e+00
 5.7508998559750744e+00
 5.8074879030221851e+00
 5.8640759500692976e+00
 5.9206639971164083e+00
 5.9772520441635208e+00
 6.0338400912106316e+00
 6.0904281382577441e+00
 6.1470161853048548e+00
 6.2036042323519673e+00
 6.2601922793990781e+00
 6.3167803264461906e+00
 6.3733683734933013e+00
 6.4299564205404138e+00
 6.4865444675875246e+00
 6.5431325146346353e+00
 6.5997205616817478e+00
 6.6563086087288585e+00
 6.7128966557759711e+00
 6.7694847028230818e+00
 6.8260727498701943e+00
 6.8826607969173050e+00
 6.9392488439644175e+00
 6.9958368910115283e+00
 7.0524249380586408e+00
 7.1090129851057515e+00
 7.1656010321528640e+00
 7.2221890791999748e+00
 7.2787771262470855e+00
 7.3353651732941980e+00
 7.3919532203413088e+00
 7.4485412673884213e+00
 7.5051293144355320e+00
 7.5617173614826445e+00
 7.6183054085297552e+00
 7.6748934555768678e+00
 7.7314815026239785e+00
 7.7880695496710910e+00
 7.8446575967182017e+00
 7.9012456437653142e+00
 7.9578336908124250e+00
 8.0144217378595375e+00
 8.0710097849066482e+00
 8.1275978319537590e+00
 8.1841858790008715e+00
 8.2407739260479822e+00
 8.2973619730950947e+00
 8.3539500201422054e+00
 8.4105380671893180e+00
 8.4671261142364287e+00
 8.5237141612835412e+00
 8.5803022083306519e+00
 8.6368902553777644e+00
 8.6934783024248752e+00
 8.7500663494719877e+00
 8.8066543965190984e+00
 8.8632424435662109e+00
 8.9198304906133217e+00
 8.9764185376604324e+00
 9.0330065847075449e+00
 9.0895946317546557e+00
 9.1461826788017682e+00
 9.2027707258488789e+00
 9.2593587728959914e+00
 9.3159468199431021e+00
 9.3725348669902147e+00
 9.4291229140373254e+00
 9.4857109610844379e+00
 9.5422990081315486e+00
 9.5988870551786611e+00
 9.6554751022257719e+00
 9.7120631492728826e+00
 9.7686511963199933e+00
 9.8252392433671076e+00
 9.8818272904142184e+00
 9.9384153374613291e+00
 9.9950033845084398e+00
 1.0051591431555554e+01
 1.0108179478602665e+01
 1.0164767525649776e+01
 1.0221355572696886e+01
 1.0277943619744001e+01
 1.0334531666791111e+01
 1.0391119713838222e+01
 1.0447707760885333e+01
 1.0504295807932444e+01
 1.0560883854979558e+01
 1.0617471902026669e+01
 1.0674059949073779e+01
 1.0730647996120890e+01
 1.0787236043168004e+01
 1.0843824090215115e+01
 1.0900412137262226e+01
 1.0957000184309337e+01
 1.1013588231356451e+01
 1.1070176278403562e+01
 1.1126764325450672e+01
 1.1183352372497783e+01
 1.1239940419544897e+01
 1.1296528466592008e+01
 1.1353116513639119e+01
 1.1409704560686230e+01
 1.1466292607733340e+01
 1.1522880654780455e+01
 1.1579468701827565e+01
 1.1636056748874676e+01
 1.1692644795921787e+01
 1.1749232842968901e+01
 1.1805820890016012e+01
 1.1862408937063122e+01
 1.1918996984110233e+01
 1.1975585031157348e+01
 1.2032173078204458e+01
 1.2088761125251569e+01
 1.2145349172298680e+01
 1.2201937219345790e+01
 1.2258525266392905e+01
 1.2315113313440015e+01
 1.2371701360487126e+01
 1.2428289407534237e+01
 1.2484877454581351e+01
 1.2541465501628462e+01
 1.2598053548675573e+01
 1.2654641595722683e+01
 1.2711229642769798e+01
 1.2767817689816908e+01
 1.2824405736864019e+01
 1.2880993783911130e+01
 1.2937581830958241e+01
 1.2994169878005355e+01
 1.3050757925052466e+01
 1.3107345972099576e+01
 1.3163934019146687e+01
 1.3220522066193801e+01
 1.3277110113240912e+01
 1.3333698160288023e+01
 1.3390286207335134e+01
 1.3446874254382248e+01
 1.3503462301429359e+01
 1.3560050348476469e+01
 1.3616638395523580e+01
 1.3673226442570694e+01
 1.3729814489617805e+01
 1.3786402536664916e+01
 1.3842990583712027e+01
 1.3899578630759137e+01
 1.3956166677806252e+01
 1.4012754724853362e+01
 1.4069342771900473e+01
 1.4125930818947584e+01
 1.4182518865994698e+01
 1.4239106913041809e+01
 1.4295694960088920e+01
 1.4352283007136030e+01
 1.4408871054183145e+01
 1.4465459101230255e+01
 1.4522047148277366e+01
 1.4578635195324477e+01
 1.4635223242371588e+01
 1.4691811289418702e+01
 1.4748399336465813e+01
 1.4804987383512923e+01
 1.4861575430560034e+01
 1.4918163477607148e+01
 1.4974751524654259e+01
 1.5031339571701370e+01
 1.5087927618748481e+01
 1.5144515665795595e+01
 1.5201103712842706e+01
 1.5257691759889816e+01
 1.5314279806936927e+01
 1.5370867853984038e+01
 1.5427455901031152e+01
 1.5484043948078263e+01
 1.5540631995125374e+01
 1.5597220042172484e+01
 1.5653808089219599e+01
 1.5710396136266709e+01
 1.5766984183313820e+01
 1.5823572230360931e+01
 1.5880160277408045e+01
 1.5936748324455156e+01
 1.5993336371502267e+01
 1.6049924418549377e+01
 1.6106512465596492e+01
 1.6163100512643602e+01
 1.6219688559690713e+01
 1.6276276606737824e+01
 1.6332864653784934e+01
 1.6389452700832049e+01
 1.6446040747879159e+01
 1.6502628794926270e+01
 1.6559216841973381e+01
 1.6615804889020495e+01
 1.6672392936067606e+01
 1.6728980983114717e+01
 1.6785569030161827e+01
 1.6842157077208942e+01
 1.6898745124256052e+01
 1.6955333171303163e+01
 1.7011921218350274e+01
 1.7068509265397385e+01
 1.7125097312444499e+01
 1.7181685359491610e+01
 1.7238273406538720e+01
 1.7294861453585831e+01
 1.7351449500632945e+01
 1.7408037547680056e+01
 1.7464625594727167e+01
 1.7521213641774278e+01
 1.7577801688821392e+01
 1.7634389735868503e+01
 1.7690977782915613e+01
 1.7747565829962724e+01
 1.7804153877009835e+01
 1.7860741924056949e+01
 1.7917329971104060e+01
 1.7973918018151171e+01
 1.8030506065198281e+01
 1.8087094112245396e+01
 1.8143682159292506e+01
 1.8200270206339617e+01
 1.8256858253386728e+01
 1.8313446300433842e+01
 1.8370034347480953e+01
 1.8426622394528064e+01
 1.8483210441575174e+01
 1.8539798488622285e+01
 1.8596386535669399e+01
 1.8652974582716510e+01
 1.8709562629763621e+01
 1.8766150676810732e+01
 1.8822738723857846e+01
 1.8879326770904957e+01
 1.8935914817952067e+01
 1.8992502864999178e+01
 1.9049090912046292e+01
 1.9105678959093403e+01
 1.9162267006140514e+01
 1.9218855053187625e+01
 1.9275443100234739e+01
 1.9332031147281850e+01
 1.9388619194328960e+01
 1.9445207241376071e+01
 1.9501795288423182e+01
 1.9558383335470296e+01
 1.9614971382517407e+01
 1.9671559429564518e+01
 1.9728147476611628e+01
 1.9784735523658743e+01
 1.9841323570705853e+01
 1.9897911617752964e+01
 1.9954499664800075e+01
 2.0011087711847189e+01
 2.0067675758894300e+01
 2.0124263805941411e+01
 2.0180851852988521e+01
 2.0237439900035632e+01
 2.0294027947082746e+01
 2.0350615994129857e+01
 2.0407204041176968e+01
 2.0463792088224078e+01
 2.0520380135271193e+01
 2.0576968182318303e+01
 2.0633556229365414e+01
 2.0690144276412525e+01
 2.0746732323459639e+01
 2.0803320370506750e+01
 2.0859908417553861e+01
 2.0916496464600971e+01
 2.0973084511648082e+01
 2.1029672558695196e+01
 2.1086260605742307e+01
 2.1142848652789418e+01
 2.1199436699836529e+01
 2.1256024746883643e+01
 2.1312612793930754e+01
 2.1369200840977864e+01
 2.1425788888024975e+01
 2.1482376935072089e+01
 2.1538964982119200e+01
 2.1595553029166311e+01
 2.1652141076213422e+01
 2.1708729123260536e+01
 2.1765317170307647e+01
 2.1821905217354757e+01
# name: Hist_H0
# type: matrix
# rows: 500
# columns: 1
 0.0000000000000000e+00
 0.0000000000000000e+00
 0.0000000000000000e+00
 0.0000000000000000e+00
 0.0000000000000000e+00
 0.0000000000000000e+00
 0.0000000000000000e+00
 0.0000000000000000e+00
 0.0000000000000000e+00
 0.0000000000000000e+00
 0.0000000000000000e+00
 0.0000000000000000e+00
 0.0000000000000000e+00
 0.0000000000000000e+00
 0.0000000000000000e+00
 0.0000000000000000e+00
 1.0000000000000000e+00
 1.0000000000000000e+00
 1.0000000000000000e+00
 0.0000000000000000e+00
 0.0000000000000000e+00
 2.0000000000000000e+00
 0.0000000000000000e+00
 1.0000000000000000e+00
 0.0000000000000000e+00
 0.0000000000000000e+00
 0.0000000000000000e+00
 0.0000000000000000e+00
 1.0000000000000000e+00
 0.0000000000000000e+00
 1.0000000000000000e+00
 1.0000000000000000e+00
 1.0000000000000000e+00
 1.0000000000000000e+00
 0.0000000000000000e+00
 1.0000000000000000e+00
 0.0000000000000000e+00
 1.0000000000000000e+00
 0.0000000000000000e+00
 0.0000000000000000e+00
 4.0000000000000000e+00
 0.0000000000000000e+00
 0.0000000000000000e+00
 0.0000000000000000e+00
 0.0000000000000000e+00
 0.0000000000000000e+00
 0.0000000000000000e+00
 0.0000000000000000e+00
 2.0000000000000000e+00
 1.0000000000000000e+00
 0.0000000000000000e+00
 1.0000000000000000e+00
 2.0000000000000000e+00
 1.0000000000000000e+00
 1.0000000000000000e+00
 0.0000000000000000e+00
 0.0000000000000000e+00
 0.0000000000000000e+00
 0.0000000000000000e+00
 2.0000000000000000e+00
 3.0000000000000000e+00
 2.0000000000000000e+00
 3.0000000000000000e+00
 1.0000000000000000e+00
 1.0000000000000000e+00
 0.0000000000000000e+00
 1.0000000000000000e+00
 0.0000000000000000e+00
 3.0000000000000000e+00
 3.0000000000000000e+00
 1.0000000000000000e+00
 1.0000000000000000e+00
 3.0000000000000000e+00
 1.0000000000000000e+00
 1.0000000000000000e+00
 3.0000000000000000e+00
 2.0000000000000000e+00
 4.0000000000000000e+00
 1.0000000000000000e+00
 3.0000000000000000e+00
 0.0000000000000000e+00
 4.0000000000000000e+00
 4.0000000000000000e+00
 4.0000000000000000e+00
 8.0000000000000000e+00
 5.0000000000000000e+00
 0.0000000000000000e+00
 3.0000000000000000e+00
 2.0000000000000000e+00
 5.0000000000000000e+00
 5.0000000000000000e+00
 1.0000000000000000e+01
 5.0000000000000000e+00
 1.3000000000000000e+01
 1.6000000000000000e+01
 1.0000000000000000e+01
 8.0000000000000000e+00
 5.0000000000000000e+00
 9.0000000000000000e+00
 1.6000000000000000e+01
 1.0000000000000000e+01
 1.3000000000000000e+01
 1.7000000000000000e+01
 3.8000000000000000e+01
 2.2000000000000000e+01
 2.3000000000000000e+01
 2.9000000000000000e+01
 2.4000000000000000e+01
 3.5000000000000000e+01
 4.8000000000000000e+01
 4.6000000000000000e+01
 5.1000000000000000e+01
 8.4000000000000000e+01
 2.2000000000000000e+02
 2.3900000000000000e+02
 2.1100000000000000e+02
 1.8600000000000000e+02
 2.1100000000000000e+02
 1.5600000000000000e+02
 1.9100000000000000e+02
 1.8500000000000000e+02
 1.5500000000000000e+02
 1.6400000000000000e+02
 1.3900000000000000e+02
 1.4100000000000000e+02
 1.1400000000000000e+02
 9.9000000000000000e+01
 1.1000000000000000e+02
 1.0800000000000000e+02
 1.1000000000000000e+02
 1.0000000000000000e+02
 8.6000000000000000e+01
 8.3000000000000000e+01
 7.4000000000000000e+01
 6.5000000000000000e+01
 6.9000000000000000e+01
 7.5000000000000000e+01
 6.4000000000000000e+01
 5.5000000000000000e+01
 5.7000000000000000e+01
 6.5000000000000000e+01
 4.4000000000000000e+01
 5.2000000000000000e+01
 3.8000000000000000e+01
 3.2000000000000000e+01
 4.0000000000000000e+01
 4.3000000000000000e+01
 3.5000000000000000e+01
 3.3000000000000000e+01
 2.4000000000000000e+01
 2.6000000000000000e+01
 2.4000000000000000e+01
 1.6000000000000000e+01
 3.1000000000000000e+01
 2.8000000000000000e+01
 2.3000000000000000e+01
 1.4000000000000000e+01
 1.9000000000000000e+01
 1.6000000000000000e+01
 1.4000000000000000e+01
 1.5000000000000000e+01
 1.5000000000000000e+01
 8.0000000000000000e+00
 1.2000000000000000e+01
 1.2000000000000000e+01
 1.7000000000000000e+01
 1.1000000000000000e+01
 1.3000000000000000e+01
 1.3000000000000000e+01
 9.0000000000000000e+00
 8.0000000000000000e+00
 1.0000000000000000e+01
 4.0000000000000000e+00
 7.0000000000000000e+00
 4.0000000000000000e+00
 1.1000000000000000e+01
 5.0000000000000000e+00
 6.0000000000000000e+00
 3.0000000000000000e+00
 2.0000000000000000e+00
 4.0000000000000000e+00
 5.0000000000000000e+00
 8.0000000000000000e+00
 6.0000000000000000e+00
 9.0000000000000000e+00
 0.0000000000000000e+00
 6.0000000000000000e+00
 2.0000000000000000e+00
 2.0000000000000000e+00
 1.0000000000000000e+00
 2.0000000000000000e+00
 3.0000000000000000e+00
 6.0000000000000000e+00
 2.0000000000000000e+00
 0.0000000000000000e+00
 2.0000000000000000e+00
 2.0000000000000000e+00
 2.0000000000000000e+00
 3.0000000000000000e+00
 1.0000000000000000e+00
 3.0000000000000000e+00
 2.0000000000000000e+00
 0.0000000000000000e+00
 0.0000000000000000e+00
 2.0000000000000000e+00
 0.0000000000000000e+00
 0.0000000000000000e+00
 1.0000000000000000e+00
 0.0000000000000000e+00
 0.0000000000000000e+00
 0.0000000000000000e+00
 3.0000000000000000e+00
 0.0000000000000000e+00
 1.0000000000000000e+00
 3.0000000000000000e+00
 0.0000000000000000e+00
 0.0000000000000000e+00
 0.0000000000000000e+00
 0.0000000000000000e+00
 1.0000000000000000e+00
 0.0000000000000000e+00
 2.0000000000000000e+00
 0.0000000000000000e+00
 0.0000000000000000e+00
 0.0000000000000000e+00
 0.0000000000000000e+00
 1.0000000000000000e+00
 1.0000000000000000e+00
 0.0000000000000000e+00
 0.0000000000000000e+00
 1.0000000000000000e+00
 1.0000000000000000e+00
 0.0000000000000000e+00
 1.0000000000000000e+00
 0.0000000000000000e+00
 0.0000000000000000e+00
 0.0000000000000000e+00
 0.0000000000000000e+00
 0.0000000000000000e+00
 1.0000000000000000e+00
 0.0000000000000000e+00
 0.0000000000000000e+00
 0.0000000000000000e+00
 0.0000000000000000e+00
 0.0000000000000000e+00
 1.0000000000000000e+00
 1.0000000000000000e+00
 0.0000000000000000e+00
 0.0000000000000000e+00
 1.0000000000000000e+00
 0.0000000000000000e+00
 0.0000000000000000e+00
 0.0000000000000000e+00
 0.0000000000000000e+00
 0.0000000000000000e+00
 0.0000000000000000e+00
 0.0000000000000000e+00
 0.0000000000000000e+00
 0.0000000000000000e+00
 0.0000000000000000e+00
 0.0000000000000000e+00
 0.0000000000000000e+00
 0.0000000000000000e+00
 0.0000000000000000e+00
 0.0000000000000000e+00
 0.0000000000000000e+00
 0.0000000000000000e+00
 0.0000000000000000e+00
 0.0000000000000000e+00
 0.0000000000000000e+00
 0.0000000000000000e+00
 0.0000000000000000e+00
 0.0000000000000000e+00
 0.0000000000000000e+00
 0.0000000000000000e+00
 0.0000000000000000e+00
 0.0000000000000000e+00
 0.0000000000000000e+00
 0.0000000000000000e+00
 0.0000000000000000e+00
 0.0000000000000000e+00
 0.0000000000000000e+00
 0.0000000000000000e+00
 0.0000000000000000e+00
 0.0000000000000000e+00
 0.0000000000000000e+00
 0.0000000000000000e+00
 0.0000000000000000e+00
 0.0000000000000000e+00
 0.0000000000000000e+00
 0.0000000000000000e+00
 0.0000000000000000e+00
 0.0000000000000000e+00
 0.0000000000000000e+00
 1.0000000000000000e+00
 0.0000000000000000e+00
 0.0000000000000000e+00
 0.0000000000000000e+00
 0.0000000000000000e+00
 0.0000000000000000e+00
 0.0000000000000000e+00
 0.0000000000000000e+00
 0.0000000000000000e+00
 0.0000000000000000e+00
 0.0000000000000000e+00
 0.0000000000000000e+00
 0.0000000000000000e+00
 0.0000000000000000e+00
 0.0000000000000000e+00
 0.0000000000000000e+00
 0.0000000000000000e+00
 0.0000000000000000e+00
 0.0000000000000000e+00
 0.0000000000000000e+00
 0.0000000000000000e+00
 0.0000000000000000e+00
 0.0000000000000000e+00
 0.0000000000000000e+00
 0.0000000000000000e+00
 0.0000000000000000e+00
 0.0000000000000000e+00
 0.0000000000000000e+00
 0.0000000000000000e+00
 0.0000000000000000e+00
 0.0000000000000000e+00
 0.0000000000000000e+00
 0.0000000000000000e+00
 0.0000000000000000e+00
 0.0000000000000000e+00
 0.0000000000000000e+00
 0.0000000000000000e+00
 0.0000000000000000e+00
 0.0000000000000000e+00
 0.0000000000000000e+00
 0.0000000000000000e+00
 0.0000000000000000e+00
 0.0000000000000000e+00
 0.0000000000000000e+00
 0.0000000000000000e+00
 0.0000000000000000e+00
 0.0000000000000000e+00
 0.0000000000000000e+00
 0.0000000000000000e+00
 0.0000000000000000e+00
 0.0000000000000000e+00
 1.0000000000000000e+00
 0.0000000000000000e+00
 0.0000000000000000e+00
 0.0000000000000000e+00
 0.0000000000000000e+00
 0.0000000000000000e+00
 0.0000000000000000e+00
 0.0000000000000000e+00
 0.0000000000000000e+00
 0.0000000000000000e+00
 0.0000000000000000e+00
 0.0000000000000000e+00
 0.0000000000000000e+00
 0.0000000000000000e+00
 0.0000000000000000e+00
 0.0000000000000000e+00
 0.0000000000000000e+00
 0.0000000000000000e+00
 0.0000000000000000e+00
 0.0000000000000000e+00
 0.0000000000000000e+00
 0.0000000000000000e+00
 0.0000000000000000e+00
 0.0000000000000000e+00
 0.0000000000000000e+00
 0.0000000000000000e+00
 0.0000000000000000e+00
 0.0000000000000000e+00
 0.0000000000000000e+00
 0.0000000000000000e+00
 0.0000000000000000e+00
 0.0000000000000000e+00
 0.0000000000000000e+00
 0.0000000000000000e+00
 0.0000000000000000e+00
 0.0000000000000000e+00
 0.0000000000000000e+00
 0.0000000000000000e+00
 0.0000000000000000e+00
 0.0000000000000000e+00
 0.0000000000000000e+00
 0.0000000000000000e+00
 0.0000000000000000e+00
 0.0000000000000000e+00
 0.0000000000000000e+00
 0.0000000000000000e+00
 0.0000000000000000e+00
 0.0000000000000000e+00
 0.0000000000000000e+00
 0.0000000000000000e+00
 0.0000000000000000e+00
 0.0000000000000000e+00
 0.0000000000000000e+00
 0.0000000000000000e+00
 0.0000000000000000e+00
 0.0000000000000000e+00
 0.0000000000000000e+00
 0.0000000000000000e+00
 0.0000000000000000e+00
 0.0000000000000000e+00
 0.0000000000000000e+00
 0.0000000000000000e+00
 0.0000000000000000e+00
 0.0000000000000000e+00
 0.0000000000000000e+00
 0.0000000000000000e+00
 0.0000000000000000e+00
 0.0000000000000000e+00
 0.0000000000000000e+00
 0.0000000000000000e+00
 0.0000000000000000e+00
 0.0000000000000000e+00
 0.0000000000000000e+00
 0.0000000000000000e+00
 0.0000000000000000e+00
 0.0000000000000000e+00
 0.0000000000000000e+00
 0.0000000000000000e+00
 0.0000000000000000e+00
 0.0000000000000000e+00
 0.0000000000000000e+00
 0.0000000000000000e+00
 0.0000000000000000e+00
 0.0000000000000000e+00
 0.0000000000000000e+00
 0.0000000000000000e+00
 0.0000000000000000e+00
 0.0000000000000000e+00
 0.0000000000000000e+00
 0.0000000000000000e+00
 0.0000000000000000e+00
 0.0000000000000000e+00
 0.0000000000000000e+00
 0.0000000000000000e+00
 0.0000000000000000e+00
 0.0000000000000000e+00
 0.0000000000000000e+00
 0.0000000000000000e+00
 0.0000000000000000e+00
 0.0000000000000000e+00
 0.0000000000000000e+00
 0.0000000000000000e+00
 0.0000000000000000e+00
 0.0000000000000000e+00
 0.0000000000000000e+00
 0.0000000000000000e+00
 0.0000000000000000e+00
 0.0000000000000000e+00
 0.0000000000000000e+00
 0.0000000000000000e+00
 0.0000000000000000e+00
 0.0000000000000000e+00
 0.0000000000000000e+00
 0.0000000000000000e+00
 0.0000000000000000e+00
 0.0000000000000000e+00
 0.0000000000000000e+00
 0.0000000000000000e+00
 0.0000000000000000e+00
 0.0000000000000000e+00
 0.0000000000000000e+00
 0.0000000000000000e+00
 0.0000000000000000e+00
 0.0000000000000000e+00
 0.0000000000000000e+00
 0.0000000000000000e+00
 0.0000000000000000e+00
 0.0000000000000000e+00
 0.0000000000000000e+00
 0.0000000000000000e+00
 0.0000000000000000e+00
 0.0000000000000000e+00
 0.0000000000000000e+00
 0.0000000000000000e+00
 0.0000000000000000e+00
 0.0000000000000000e+00
 0.0000000000000000e+00
 0.0000000000000000e+00
 0.0000000000000000e+00
 0.0000000000000000e+00
 0.0000000000000000e+00
 0.0000000000000000e+00
 0.0000000000000000e+00
 0.0000000000000000e+00
 0.0000000000000000e+00
 0.0000000000000000e+00
 0.0000000000000000e+00
 0.0000000000000000e+00
 0.0000000000000000e+00
 0.0000000000000000e+00
 0.0000000000000000e+00
 0.0000000000000000e+00
 0.0000000000000000e+00
 0.0000000000000000e+00
 0.0000000000000000e+00
# name: Hist_H1
# type: matrix
# rows: 500
# columns: 1
 1.0000000000000000e+00
 0.0000000000000000e+00
 0.0000000000000000e+00
 0.0000000000000000e+00
 0.0000000000000000e+00
 0.0000000000000000e+00
 0.0000000000000000e+00
 0.0000000000000000e+00
 0.0000000000000000e+00
 0.0000000000000000e+00
 1.0000000000000000e+00
 0.0000000000000000e+00
 0.0000000000000000e+00
 1.0000000000000000e+00
 0.0000000000000000e+00
 0.0000000000000000e+00
 0.0000000000000000e+00
 0.0000000000000000e+00
 0.0000000000000000e+00
 0.0000000000000000e+00
 1.0000000000000000e+00
 0.0000000000000000e+00
 0.0000000000000000e+00
 0.0000000000000000e+00
 0.0000000000000000e+00
 1.0000000000000000e+00
 0.0000000000000000e+00
 2.0000000000000000e+00
 0.0000000000000000e+00
 0.0000000000000000e+00
 1.0000000000000000e+00
 1.0000000000000000e+00
 1.0000000000000000e+00
 0.0000000000000000e+00
 0.0000000000000000e+00
 0.0000000000000000e+00
 2.0000000000000000e+00
 0.0000000000000000e+00
 2.0000000000000000e+00
 1.0000000000000000e+00
 1.0000000000000000e+00
 1.0000000000000000e+00
 0.0000000000000000e+00
 0.0000000000000000e+00
 1.0000000000000000e+00
 0.0000000000000000e+00
 0.0000000000000000e+00
 0.0000000000000000e+00
 0.0000000000000000e+00
 1.0000000000000000e+00
 1.0000000000000000e+00
 1.0000000000000000e+00
 0.0000000000000000e+00
 0.0000000000000000e+00
 1.0000000000000000e+00
 2.0000000000000000e+00
 2.0000000000000000e+00
 0.0000000000000000e+00
 0.0000000000000000e+00
 0.0000000000000000e+00
 0.0000000000000000e+00
 1.0000000000000000e+00
 1.0000000000000000e+00
 2.0000000000000000e+00
 0.0000000000000000e+00
 1.0000000000000000e+00
 3.0000000000000000e+00
 1.0000000000000000e+00
 1.0000000000000000e+00
 0.0000000000000000e+00
 2.0000000000000000e+00
 2.0000000000000000e+00
 5.0000000000000000e+00
 1.0000000000000000e+00
 1.0000000000000000e+00
 2.0000000000000000e+00
 2.0000000000000000e+00
 4.0000000000000000e+00
 0.0000000000000000e+00
 6.0000000000000000e+00
 3.0000000000000000e+00
 3.0000000000000000e+00
 2.0000000000000000e+00
 5.0000000000000000e+00
 2.0000000000000000e+00
 2.0000000000000000e+00
 1.0000000000000000e+00
 6.0000000000000000e+00
 4.0000000000000000e+00
 8.0000000000000000e+00
 3.0000000000000000e+00
 8.0000000000000000e+00
 3.0000000000000000e+00
 8.0000000000000000e+00
 5.0000000000000000e+00
 6.0000000000000000e+00
 7.0000000000000000e+00
 8.0000000000000000e+00
 6.0000000000000000e+00
 8.0000000000000000e+00
 4.0000000000000000e+00
 1.1000000000000000e+01
 7.0000000000000000e+00
 1.0000000000000000e+01
 1.5000000000000000e+01
 7.0000000000000000e+00
 8.0000000000000000e+00
 1.4000000000000000e+01
 1.4000000000000000e+01
 1.7000000000000000e+01
 1.7000000000000000e+01
 2.9000000000000000e+01
 1.4000000000000000e+01
 3.7000000000000000e+01
 2.7000000000000000e+01
 3.5000000000000000e+01
 4.7000000000000000e+01
 3.2000000000000000e+01
 4.9000000000000000e+01
 3.4000000000000000e+01
 4.8000000000000000e+01
 4.2000000000000000e+01
 4.6000000000000000e+01
 4.0000000000000000e+01
 4.1000000000000000e+01
 4.2000000000000000e+01
 5.2000000000000000e+01
 5.5000000000000000e+01
 4.8000000000000000e+01
 6.5000000000000000e+01
 4.1000000000000000e+01
 4.1000000000000000e+01
 5.7000000000000000e+01
 5.4000000000000000e+01
 6.3000000000000000e+01
 6.1000000000000000e+01
 5.1000000000000000e+01
 5.0000000000000000e+01
 6.0000000000000000e+01
 4.0000000000000000e+01
 5.2000000000000000e+01
 6.7000000000000000e+01
 4.0000000000000000e+01
 5.5000000000000000e+01
 3.6000000000000000e+01
 4.4000000000000000e+01
 5.5000000000000000e+01
 5.2000000000000000e+01
 5.7000000000000000e+01
 6.1000000000000000e+01
 4.8000000000000000e+01
 5.5000000000000000e+01
 4.7000000000000000e+01
 4.3000000000000000e+01
 4.7000000000000000e+01
 4.8000000000000000e+01
 4.7000000000000000e+01
 4.2000000000000000e+01
 5.1000000000000000e+01
 4.7000000000000000e+01
 3.5000000000000000e+01
 4.9000000000000000e+01
 3.6000000000000000e+01
 3.2000000000000000e+01
 5.0000000000000000e+01
 3.9000000000000000e+01
 4.4000000000000000e+01
 4.8000000000000000e+01
 3.6000000000000000e+01
 3.4000000000000000e+01
 3.7000000000000000e+01
 3.3000000000000000e+01
 3.5000000000000000e+01
 3.3000000000000000e+01
 4.0000000000000000e+01
 3.3000000000000000e+01
 2.6000000000000000e+01
 3.3000000000000000e+01
 3.1000000000000000e+01
 4.0000000000000000e+01
 4.1000000000000000e+01
 2.4000000000000000e+01
 2.2000000000000000e+01
 3.5000000000000000e+01
 2.3000000000000000e+01
 4.5000000000000000e+01
 2.5000000000000000e+01
 4.0000000000000000e+01
 3.1000000000000000e+01
 2.9000000000000000e+01
 1.7000000000000000e+01
 1.7000000000000000e+01
 2.7000000000000000e+01
 1.6000000000000000e+01
 2.6000000000000000e+01
 3.7000000000000000e+01
 1.9000000000000000e+01
 2.1000000000000000e+01
 1.7000000000000000e+01
 2.5000000000000000e+01
 2.8000000000000000e+01
 2.4000000000000000e+01
 2.6000000000000000e+01
 2.6000000000000000e+01
 2.5000000000000000e+01
 1.1000000000000000e+01
 2.1000000000000000e+01
 1.5000000000000000e+01
 2.2000000000000000e+01
 2.1000000000000000e+01
 1.3000000000000000e+01
 2.0000000000000000e+01
 1.5000000000000000e+01
 2.0000000000000000e+01
 2.1000000000000000e+01
 1.8000000000000000e+01
 1.3000000000000000e+01
 1.6000000000000000e+01
 1.5000000000000000e+01
 1.7000000000000000e+01
 1.4000000000000000e+01
 1.6000000000000000e+01
 1.3000000000000000e+01
 1.4000000000000000e+01
 1.7000000000000000e+01
 8.0000000000000000e+00
 1.7000000000000000e+01
 1.6000000000000000e+01
 1.5000000000000000e+01
 8.0000000000000000e+00
 1.1000000000000000e+01
 1.1000000000000000e+01
 9.0000000000000000e+00
 6.0000000000000000e+00
 2.0000000000000000e+01
 1.4000000000000000e+01
 9.0000000000000000e+00
 1.5000000000000000e+01
 1.1000000000000000e+01
 1.0000000000000000e+01
 1.1000000000000000e+01
 1.2000000000000000e+01
 1.4000000000000000e+01
 1.2000000000000000e+01
 8.0000000000000000e+00
 6.0000000000000000e+00
 6.0000000000000000e+00
 3.0000000000000000e+00
 1.1000000000000000e+01
 8.0000000000000000e+00
 1.1000000000000000e+01
 7.0000000000000000e+00
 6.0000000000000000e+00
 1.5000000000000000e+01
 9.0000000000000000e+00
 1.0000000000000000e+01
 1.1000000000000000e+01
 8.0000000000000000e+00
 6.0000000000000000e+00
 5.0000000000000000e+00
 4.0000000000000000e+00
 1.0000000000000000e+01
 8.0000000000000000e+00
 8.0000000000000000e+00
 4.0000000000000000e+00
 7.0000000000000000e+00
 7.0000000000000000e+00
 1.0000000000000000e+01
 4.0000000000000000e+00
 4.0000000000000000e+00
 7.0000000000000000e+00
 6.0000000000000000e+00
 2.0000000000000000e+00
 6.0000000000000000e+00
 9.0000000000000000e+00
 4.0000000000000000e+00
 4.0000000000000000e+00
 4.0000000000000000e+00
 5.0000000000000000e+00
 4.0000000000000000e+00
 2.0000000000000000e+00
 7.0000000000000000e+00
 5.0000000000000000e+00
 5.0000000000000000e+00
 4.0000000000000000e+00
 5.0000000000000000e+00
 3.0000000000000000e+00
 3.0000000000000000e+00
 3.0000000000000000e+00
 5.0000000000000000e+00
 4.0000000000000000e+00
 3.0000000000000000e+00
 2.0000000000000000e+00
 3.0000000000000000e+00
 3.0000000000000000e+00
 5.0000000000000000e+00
 2.0000000000000000e+00
 3.0000000000000000e+00
 3.0000000000000000e+00
 1.0000000000000000e+00
 3.0000000000000000e+00
 6.0000000000000000e+00
 4.0000000000000000e+00
 1.0000000000000000e+00
 0.0000000000000000e+00
 1.0000000000000000e+00
 6.0000000000000000e+00
 1.0000000000000000e+00
 0.0000000000000000e+00
 2.0000000000000000e+00
 4.0000000000000000e+00
 1.0000000000000000e+00
 2.0000000000000000e+00
 4.0000000000000000e+00
 3.0000000000000000e+00
 1.0000000000000000e+00
 1.0000000000000000e+00
 3.0000000000000000e+00
 2.0000000000000000e+00
 1.0000000000000000e+00
 1.0000000000000000e+00
 1.0000000000000000e+00
 2.0000000000000000e+00
 1.0000000000000000e+00
 1.0000000000000000e+00
 1.0000000000000000e+00
 1.0000000000000000e+00
 1.0000000000000000e+00
 1.0000000000000000e+00
 4.0000000000000000e+00
 0.0000000000000000e+00
 1.0000000000000000e+00
 1.0000000000000000e+00
 1.0000000000000000e+00
 0.0000000000000000e+00
 2.0000000000000000e+00
 0.0000000000000000e+00
 0.0000000000000000e+00
 0.0000000000000000e+00
 1.0000000000000000e+00
 0.0000000000000000e+00
 0.0000000000000000e+00
 2.0000000000000000e+00
 0.0000000000000000e+00
 1.0000000000000000e+00
 0.0000000000000000e+00
 3.0000000000000000e+00
 1.0000000000000000e+00
 3.0000000000000000e+00
 0.0000000000000000e+00
 0.0000000000000000e+00
 0.0000000000000000e+00
 1.0000000000000000e+00
 1.0000000000000000e+00
 0.0000000000000000e+00
 2.0000000000000000e+00
 1.0000000000000000e+00
 1.0000000000000000e+00
 2.0000000000000000e+00
 1.0000000000000000e+00
 2.0000000000000000e+00
 2.0000000000000000e+00
 0.0000000000000000e+00
 1.0000000000000000e+00
 1.0000000000000000e+00
 0.0000000000000000e+00
 1.0000000000000000e+00
 0.0000000000000000e+00
 1.0000000000000000e+00
 2.0000000000000000e+00
 0.0000000000000000e+00
 1.0000000000000000e+00
 0.0000000000000000e+00
 1.0000000000000000e+00
 1.0000000000000000e+00
 0.0000000000000000e+00
 2.0000000000000000e+00
 2.0000000000000000e+00
 2.0000000000000000e+00
 1.0000000000000000e+00
 0.0000000000000000e+00
 0.0000000000000000e+00
 0.0000000000000000e+00
 0.0000000000000000e+00
 0.0000000000000000e+00
 0.0000000000000000e+00
 1.0000000000000000e+00
 0.0000000000000000e+00
 0.0000000000000000e+00
 0.0000000000000000e+00
 2.0000000000000000e+00
 1.0000000000000000e+00
 1.0000000000000000e+00
 0.0000000000000000e+00
 1.0000000000000000e+00
 0.0000000000000000e+00
 1.0000000000000000e+00
 0.0000000000000000e+00
 0.0000000000000000e+00
 1.0000000000000000e+00
 1.0000000000000000e+00
 0.0000000000000000e+00
 0.0000000000000000e+00
 1.0000000000000000e+00
 1.0000000000000000e+00
 2.0000000000000000e+00
 1.0000000000000000e+00
 0.0000000000000000e+00
 0.0000000000000000e+00
 0.0000000000000000e+00
 0.0000000000000000e+00
 0.0000000000000000e+00
 0.0000000000000000e+00
 0.0000000000000000e+00
 0.0000000000000000e+00
 1.0000000000000000e+00
 0.0000000000000000e+00
 0.0000000000000000e+00
 0.0000000000000000e+00
 0.0000000000000000e+00
 1.0000000000000000e+00
 1.0000000000000000e+00
 0.0000000000000000e+00
 0.0000000000000000e+00
 1.0000000000000000e+00
 0.0000000000000000e+00
 0.0000000000000000e+00
 0.0000000000000000e+00
 0.0000000000000000e+00
 0.0000000000000000e+00
 0.0000000000000000e+00
 0.0000000000000000e+00
 0.0000000000000000e+00
 2.0000000000000000e+00
 0.0000000000000000e+00
 0.0000000000000000e+00
 0.0000000000000000e+00
 0.0000000000000000e+00
 0.0000000000000000e+00
 0.0000000000000000e+00
 0.0000000000000000e+00
 0.0000000000000000e+00
 0.0000000000000000e+00
 0.0000000000000000e+00
 0.0000000000000000e+00
 1.0000000000000000e+00
 0.0000000000000000e+00
 0.0000000000000000e+00
 0.0000000000000000e+00
 0.0000000000000000e+00
 0.0000000000000000e+00
 0.0000000000000000e+00
 0.0000000000000000e+00
 0.0000000000000000e+00
 1.0000000000000000e+00
 0.0000000000000000e+00
 0.0000000000000000e+00
 0.0000000000000000e+00
 0.0000000000000000e+00
 0.0000000000000000e+00
 2.0000000000000000e+00
 0.0000000000000000e+00
 0.0000000000000000e+00
 0.0000000000000000e+00
 0.0000000000000000e+00
 0.0000000000000000e+00
 0.0000000000000000e+00
 0.0000000000000000e+00
 0.0000000000000000e+00
 0.0000000000000000e+00
 0.0000000000000000e+00
 0.0000000000000000e+00
 1.0000000000000000e+00
 0.0000000000000000e+00
 0.0000000000000000e+00
 0.0000000000000000e+00
 0.0000000000000000e+00
 0.0000000000000000e+00
 0.0000000000000000e+00
 0.0000000000000000e+00
 0.0000000000000000e+00
 0.0000000000000000e+00
 0.0000000000000000e+00
 1.0000000000000000e+00
 0.0000000000000000e+00
 0.0000000000000000e+00
 0.0000000000000000e+00
 0.0000000000000000e+00
 0.0000000000000000e+00
 0.0000000000000000e+00
 0.0000000000000000e+00
 0.0000000000000000e+00
 0.0000000000000000e+00
 0.0000000000000000e+00
 0.0000000000000000e+00
 0.0000000000000000e+00
 1.0000000000000000e+00
 0.0000000000000000e+00
 0.0000000000000000e+00
 0.0000000000000000e+00
# name: Vect_Pfa
# type: matrix
# rows: 500
# columns: 1
 1.0000000000000002e+00
 1.0000000000000002e+00
 1.0000000000000002e+00
 1.0000000000000002e+00
 1.0000000000000002e+00
 1.0000000000000002e+00
 1.0000000000000002e+00
 1.0000000000000002e+00
 1.0000000000000002e+00
 1.0000000000000002e+00
 1.0000000000000002e+00
 1.0000000000000002e+00
 1.0000000000000002e+00
 1.0000000000000002e+00
 1.0000000000000002e+00
 1.0000000000000002e+00
 1.0000000000000002e+00
 9.9980000000000013e-01
 9.9960000000000016e-01
 9.9940000000000018e-01
 9.9940000000000018e-01
 9.9940000000000018e-01
 9.9900000000000022e-01
 9.9900000000000022e-01
 9.9880000000000024e-01
 9.9880000000000024e-01
 9.9880000000000024e-01
 9.9880000000000024e-01
 9.9880000000000024e-01
 9.9860000000000027e-01
 9.9860000000000027e-01
 9.9840000000000029e-01
 9.9820000000000031e-01
 9.9800000000000033e-01
 9.9780000000000035e-01
 9.9780000000000035e-01
 9.9760000000000038e-01
 9.9760000000000038e-01
 9.9740000000000040e-01
 9.9740000000000040e-01
 9.9740000000000040e-01
 9.9660000000000037e-01
 9.9660000000000037e-01
 9.9660000000000037e-01
 9.9660000000000037e-01
 9.9660000000000037e-01
 9.9660000000000037e-01
 9.9660000000000037e-01
 9.9660000000000037e-01
 9.9620000000000042e-01
 9.9600000000000044e-01
 9.9600000000000044e-01
 9.9580000000000046e-01
 9.9540000000000051e-01
 9.9520000000000053e-01
 9.9500000000000055e-01
 9.9500000000000055e-01
 9.9500000000000055e-01
 9.9500000000000055e-01
 9.9500000000000055e-01
 9.9460000000000059e-01
 9.9400000000000055e-01
 9.9360000000000059e-01
 9.9300000000000055e-01
 9.9280000000000057e-01
 9.9260000000000059e-01
 9.9260000000000059e-01
 9.9240000000000061e-01
 9.9240000000000061e-01
 9.9180000000000057e-01
 9.9120000000000053e-01
 9.9100000000000055e-01
 9.9080000000000057e-01
 9.9020000000000052e-01
 9.9000000000000055e-01
 9.8980000000000057e-01
 9.8920000000000052e-01
 9.8880000000000057e-01
 9.8800000000000054e-01
 9.8780000000000057e-01
 9.8720000000000052e-01
 9.8720000000000052e-01
 9.8640000000000050e-01
 9.8560000000000048e-01
 9.8480000000000045e-01
 9.8320000000000041e-01
 9.8220000000000041e-01
 9.8220000000000041e-01
 9.8160000000000036e-01
 9.8120000000000041e-01
 9.8020000000000040e-01
 9.7920000000000040e-01
 9.7720000000000040e-01
 9.7620000000000040e-01
 9.7360000000000035e-01
 9.7040000000000037e-01
 9.6840000000000037e-01
 9.6680000000000033e-01
 9.6580000000000032e-01
 9.6400000000000030e-01
 9.6080000000000032e-01
 9.5880000000000032e-01
 9.5620000000000027e-01
 9.5280000000000031e-01
 9.4520000000000026e-01
 9.4080000000000030e-01
 9.3620000000000025e-01
 9.3040000000000023e-01
 9.2560000000000020e-01
 9.1860000000000019e-01
 9.0900000000000014e-01
 8.9980000000000016e-01
 8.8960000000000017e-01
 8.7280000000000013e-01
 8.2880000000000009e-01
 7.8100000000000014e-01
 7.3880000000000012e-01
 7.0160000000000011e-01
 6.5940000000000010e-01
 6.2820000000000009e-01
 5.9000000000000008e-01
 5.5300000000000005e-01
 5.2200000000000002e-01
 4.8919999999999997e-01
 4.6139999999999998e-01
 4.3319999999999997e-01
 4.1039999999999999e-01
 3.9060000000000000e-01
 3.6859999999999998e-01
 3.4699999999999998e-01
 3.2499999999999996e-01
 3.0499999999999994e-01
 2.8779999999999994e-01
 2.7119999999999994e-01
 2.5639999999999996e-01
 2.4339999999999998e-01
 2.2959999999999997e-01
 2.1459999999999999e-01
 2.0179999999999998e-01
 1.9079999999999997e-01
 1.7939999999999998e-01
 1.6639999999999996e-01
 1.5759999999999996e-01
 1.4719999999999997e-01
 1.3959999999999997e-01
 1.3319999999999999e-01
 1.2519999999999998e-01
 1.1659999999999997e-01
 1.0959999999999996e-01
 1.0299999999999997e-01
 9.8199999999999968e-02
 9.2999999999999972e-02
 8.8199999999999973e-02
 8.4999999999999978e-02
 7.8799999999999981e-02
 7.3199999999999987e-02
 6.8599999999999994e-02
 6.5799999999999997e-02
 6.1999999999999993e-02
 5.8799999999999991e-02
 5.5999999999999994e-02
 5.2999999999999992e-02
 4.9999999999999989e-02
 4.8399999999999992e-02
 4.5999999999999992e-02
 4.3599999999999993e-02
 4.0199999999999993e-02
 3.7999999999999992e-02
 3.5399999999999994e-02
 3.2799999999999996e-02
 3.0999999999999996e-02
 2.9399999999999996e-02
 2.7399999999999994e-02
 2.6599999999999995e-02
 2.5199999999999997e-02
 2.4399999999999998e-02
 2.2199999999999998e-02
 2.1199999999999997e-02
 1.9999999999999997e-02
 1.9399999999999997e-02
 1.8999999999999996e-02
 1.8199999999999997e-02
 1.7199999999999997e-02
 1.5599999999999998e-02
 1.4399999999999998e-02
 1.2599999999999998e-02
 1.2599999999999998e-02
 1.1399999999999999e-02
 1.0999999999999999e-02
 1.0600000000000000e-02
 1.0400000000000000e-02
 1.0000000000000000e-02
 9.4000000000000004e-03
 8.2000000000000007e-03
 7.8000000000000005e-03
 7.8000000000000005e-03
 7.4000000000000003e-03
 7.0000000000000001e-03
 6.6000000000000000e-03
 6.0000000000000001e-03
 5.8000000000000005e-03
 5.2000000000000006e-03
 4.8000000000000004e-03
 4.8000000000000004e-03
 4.8000000000000004e-03
 4.4000000000000003e-03
 4.4000000000000003e-03
 4.4000000000000003e-03
 4.2000000000000006e-03
 4.2000000000000006e-03
 4.2000000000000006e-03
 4.2000000000000006e-03
 3.6000000000000008e-03
 3.6000000000000008e-03
 3.4000000000000007e-03
 2.8000000000000008e-03
 2.8000000000000008e-03
 2.8000000000000008e-03
 2.8000000000000008e-03
 2.8000000000000008e-03
 2.6000000000000007e-03
 2.6000000000000007e-03
 2.2000000000000006e-03
 2.2000000000000006e-03
 2.2000000000000006e-03
 2.2000000000000006e-03
 2.2000000000000006e-03
 2.0000000000000005e-03
 1.8000000000000004e-03
 1.8000000000000004e-03
 1.8000000000000004e-03
 1.6000000000000003e-03
 1.4000000000000002e-03
 1.4000000000000002e-03
 1.2000000000000001e-03
 1.2000000000000001e-03
 1.2000000000000001e-03
 1.2000000000000001e-03
 1.2000000000000001e-03
 1.2000000000000001e-03
 1.0000000000000000e-03
 1.0000000000000000e-03
 1.0000000000000000e-03
 1.0000000000000000e-03
 1.0000000000000000e-03
 1.0000000000000000e-03
 8.0000000000000004e-04
 6.0000000000000006e-04
 6.0000000000000006e-04
 6.0000000000000006e-04
 4.0000000000000002e-04
 4.0000000000000002e-04
 4.0000000000000002e-04
 4.0000000000000002e-04
 4.0000000000000002e-04
 4.0000000000000002e-04
 4.0000000000000002e-04
 4.0000000000000002e-04
 4.0000000000000002e-04
 4.0000000000000002e-04
 4.0000000000000002e-04
 4.0000000000000002e-04
 4.0000000000000002e-04
 4.0000000000000002e-04
 4.0000000000000002e-04
 4.0000000000000002e-04
 4.0000000000000002e-04
 4.0000000000000002e-04
 4.0000000000000002e-04
 4.0000000000000002e-04
 4.0000000000000002e-04
 4.0000000000000002e-04
 4.0000000000000002e-04
 4.0000000000000002e-04
 4.0000000000000002e-04
 4.0000000000000002e-04
 4.0000000000000002e-04
 4.0000000000000002e-04
 4.0000000000000002e-04
 4.0000000000000002e-04
 4.0000000000000002e-04
 4.0000000000000002e-04
 4.0000000000000002e-04
 4.0000000000000002e-04
 4.0000000000000002e-04
 4.0000000000000002e-04
 4.0000000000000002e-04
 4.0000000000000002e-04
 4.0000000000000002e-04
 4.0000000000000002e-04
 4.0000000000000002e-04
 4.0000000000000002e-04
 4.0000000000000002e-04
 4.0000000000000002e-04
 4.0000000000000002e-04
 2.0000000000000001e-04
 2.0000000000000001e-04
 2.0000000000000001e-04
 2.0000000000000001e-04
 2.0000000000000001e-04
 2.0000000000000001e-04
 2.0000000000000001e-04
 2.0000000000000001e-04
 2.0000000000000001e-04
 2.0000000000000001e-04
 2.0000000000000001e-04
 2.0000000000000001e-04
 2.0000000000000001e-04
 2.0000000000000001e-04
 2.0000000000000001e-04
 2.0000000000000001e-04
 2.0000000000000001e-04
 2.0000000000000001e-04
 2.0000000000000001e-04
 2.0000000000000001e-04
 2.0000000000000001e-04
 2.0000000000000001e-04
 2.0000000000000001e-04
 2.0000000000000001e-04
 2.0000000000000001e-04
 2.0000000000000001e-04
 2.0000000000000001e-04
 2.0000000000000001e-04
 2.0000000000000001e-04
 2.0000000000000001e-04
 2.0000000000000001e-04
 2.0000000000000001e-04
 2.0000000000000001e-04
 2.0000000000000001e-04
 2.0000000000000001e-04
 2.0000000000000001e-04
 2.0000000000000001e-04
 2.0000000000000001e-04
 2.0000000000000001e-04
 2.0000000000000001e-04
 2.0000000000000001e-04
 2.0000000000000001e-04
 2.0000000000000001e-04
 2.0000000000000001e-04
 2.0000000000000001e-04
 2.0000000000000001e-04
 2.0000000000000001e-04
 2.0000000000000001e-04
 2.0000000000000001e-04
 2.0000000000000001e-04
 2.0000000000000001e-04
 0.0000000000000000e+00
 0.0000000000000000e+00
 0.0000000000000000e+00
 0.0000000000000000e+00
 0.0000000000000000e+00
 0.0000000000000000e+00
 0.0000000000000000e+00
 0.0000000000000000e+00
 0.0000000000000000e+00
 0.0000000000000000e+00
 0.0000000000000000e+00
 0.0000000000000000e+00
 0.0000000000000000e+00
 0.0000000000000000e+00
 0.0000000000000000e+00
 0.0000000000000000e+00
 0.0000000000000000e+00
 0.0000000000000000e+00
 0.0000000000000000e+00
 0.0000000000000000e+00
 0.0000000000000000e+00
 0.0000000000000000e+00
 0.0000000000000000e+00
 0.0000000000000000e+00
 0.0000000000000000e+00
 0.0000000000000000e+00
 0.0000000000000000e+00
 0.0000000000000000e+00
 0.0000000000000000e+00
 0.0000000000000000e+00
 0.0000000000000000e+00
 0.0000000000000000e+00
 0.0000000000000000e+00
 0.0000000000000000e+00
 0.0000000000000000e+00
 0.0000000000000000e+00
 0.0000000000000000e+00
 0.0000000000000000e+00
 0.0000000000000000e+00
 0.0000000000000000e+00
 0.0000000000000000e+00
 0.0000000000000000e+00
 0.0000000000000000e+00
 0.0000000000000000e+00
 0.0000000000000000e+00
 0.0000000000000000e+00
 0.0000000000000000e+00
 0.0000000000000000e+00
 0.0000000000000000e+00
 0.0000000000000000e+00
 0.0000000000000000e+00
 0.0000000000000000e+00
 0.0000000000000000e+00
 0.0000000000000000e+00
 0.0000000000000000e+00
 0.0000000000000000e+00
 0.0000000000000000e+00
 0.0000000000000000e+00
 0.0000000000000000e+00
 0.0000000000000000e+00
 0.0000000000000000e+00
 0.0000000000000000e+00
 0.0000000000000000e+00
 0.0000000000000000e+00
 0.0000000000000000e+00
 0.0000000000000000e+00
 0.0000000000000000e+00
 0.0000000000000000e+00
 0.0000000000000000e+00
 0.0000000000000000e+00
 0.0000000000000000e+00
 0.0000000000000000e+00
 0.0000000000000000e+00
 0.0000000000000000e+00
 0.0000000000000000e+00
 0.0000000000000000e+00
 0.0000000000000000e+00
 0.0000000000000000e+00
 0.0000000000000000e+00
 0.0000000000000000e+00
 0.0000000000000000e+00
 0.0000000000000000e+00
 0.0000000000000000e+00
 0.0000000000000000e+00
 0.0000000000000000e+00
 0.0000000000000000e+00
 0.0000000000000000e+00
 0.0000000000000000e+00
 0.0000000000000000e+00
 0.0000000000000000e+00
 0.0000000000000000e+00
 0.0000000000000000e+00
 0.0000000000000000e+00
 0.0000000000000000e+00
 0.0000000000000000e+00
 0.0000000000000000e+00
 0.0000000000000000e+00
 0.0000000000000000e+00
 0.0000000000000000e+00
 0.0000000000000000e+00
 0.0000000000000000e+00
 0.0000000000000000e+00
 0.0000000000000000e+00
 0.0000000000000000e+00
 0.0000000000000000e+00
 0.0000000000000000e+00
 0.0000000000000000e+00
 0.0000000000000000e+00
 0.0000000000000000e+00
 0.0000000000000000e+00
 0.0000000000000000e+00
 0.0000000000000000e+00
 0.0000000000000000e+00
 0.0000000000000000e+00
 0.0000000000000000e+00
 0.0000000000000000e+00
 0.0000000000000000e+00
 0.0000000000000000e+00
 0.0000000000000000e+00
 0.0000000000000000e+00
 0.0000000000000000e+00
 0.0000000000000000e+00
 0.0000000000000000e+00
 0.0000000000000000e+00
 0.0000000000000000e+00
 0.0000000000000000e+00
 0.0000000000000000e+00
 0.0000000000000000e+00
 0.0000000000000000e+00
 0.0000000000000000e+00
 0.0000000000000000e+00
 0.0000000000000000e+00
 0.0000000000000000e+00
 0.0000000000000000e+00
 0.0000000000000000e+00
 0.0000000000000000e+00
 0.0000000000000000e+00
 0.0000000000000000e+00
 0.0000000000000000e+00
 0.0000000000000000e+00
 0.0000000000000000e+00
 0.0000000000000000e+00
 0.0000000000000000e+00
 0.0000000000000000e+00
 0.0000000000000000e+00
 0.0000000000000000e+00
 0.0000000000000000e+00
 0.0000000000000000e+00
 0.0000000000000000e+00
 0.0000000000000000e+00
 0.0000000000000000e+00
 0.0000000000000000e+00
 0.0000000000000000e+00
 0.0000000000000000e+00
# name: Vect_Pd
# type: matrix
# rows: 500
# columns: 1
 9.9979999999999891e-01
 9.9959999999999893e-01
 9.9959999999999893e-01
 9.9959999999999893e-01
 9.9959999999999893e-01
 9.9959999999999893e-01
 9.9959999999999893e-01
 9.9959999999999893e-01
 9.9959999999999893e-01
 9.9959999999999893e-01
 9.9959999999999893e-01
 9.9939999999999896e-01
 9.9939999999999896e-01
 9.9939999999999896e-01
 9.9919999999999898e-01
 9.9919999999999898e-01
 9.9919999999999898e-01
 9.9919999999999898e-01
 9.9919999999999898e-01
 9.9919999999999898e-01
 9.9919999999999898e-01
 9.9899999999999900e-01
 9.9899999999999900e-01
 9.9899999999999900e-01
 9.9899999999999900e-01
 9.9899999999999900e-01
 9.9879999999999902e-01
 9.9879999999999902e-01
 9.9839999999999907e-01
 9.9839999999999907e-01
 9.9839999999999907e-01
 9.9819999999999909e-01
 9.9799999999999911e-01
 9.9779999999999913e-01
 9.9779999999999913e-01
 9.9779999999999913e-01
 9.9779999999999913e-01
 9.9739999999999918e-01
 9.9739999999999918e-01
 9.9699999999999922e-01
 9.9679999999999924e-01
 9.9659999999999926e-01
 9.9639999999999929e-01
 9.9639999999999929e-01
 9.9639999999999929e-01
 9.9619999999999931e-01
 9.9619999999999931e-01
 9.9619999999999931e-01
 9.9619999999999931e-01
 9.9619999999999931e-01
 9.9599999999999933e-01
 9.9579999999999935e-01
 9.9559999999999937e-01
 9.9559999999999937e-01
 9.9559999999999937e-01
 9.9539999999999940e-01
 9.9499999999999944e-01
 9.9459999999999948e-01
 9.9459999999999948e-01
 9.9459999999999948e-01
 9.9459999999999948e-01
 9.9459999999999948e-01
 9.9439999999999951e-01
 9.9419999999999953e-01
 9.9379999999999957e-01
 9.9379999999999957e-01
 9.9359999999999959e-01
 9.9299999999999955e-01
 9.9279999999999957e-01
 9.9259999999999959e-01
 9.9259999999999959e-01
 9.9219999999999964e-01
 9.9179999999999968e-01
 9.9079999999999968e-01
 9.9059999999999970e-01
 9.9039999999999973e-01
 9.8999999999999977e-01
 9.8959999999999981e-01
 9.8879999999999979e-01
 9.8879999999999979e-01
 9.8759999999999981e-01
 9.8699999999999977e-01
 9.8639999999999972e-01
 9.8599999999999977e-01
 9.8499999999999976e-01
 9.8459999999999981e-01
 9.8419999999999985e-01
 9.8399999999999987e-01
 9.8279999999999990e-01
 9.8199999999999987e-01
 9.8039999999999983e-01
 9.7979999999999978e-01
 9.7819999999999974e-01
 9.7759999999999969e-01
 9.7599999999999965e-01
 9.7499999999999964e-01
 9.7379999999999967e-01
 9.7239999999999971e-01
 9.7079999999999966e-01
 9.6959999999999968e-01
 9.6799999999999964e-01
 9.6719999999999962e-01
 9.6499999999999964e-01
 9.6359999999999968e-01
 9.6159999999999968e-01
 9.5859999999999967e-01
 9.5719999999999972e-01
 9.5559999999999967e-01
 9.5279999999999965e-01
 9.4999999999999962e-01
 9.4659999999999966e-01
 9.4319999999999971e-01
 9.3739999999999968e-01
 9.3459999999999965e-01
 9.2719999999999969e-01
 9.2179999999999973e-01
 9.1479999999999972e-01
 9.0539999999999976e-01
 8.9899999999999980e-01
 8.8919999999999977e-01
 8.8239999999999974e-01
 8.7279999999999969e-01
 8.6439999999999972e-01
 8.5519999999999974e-01
 8.4719999999999973e-01
 8.3899999999999975e-01
 8.3059999999999978e-01
 8.2019999999999982e-01
 8.0919999999999981e-01
 7.9959999999999976e-01
 7.8659999999999974e-01
 7.7839999999999976e-01
 7.7019999999999977e-01
 7.5879999999999981e-01
 7.4799999999999978e-01
 7.3539999999999983e-01
 7.2319999999999984e-01
 7.1299999999999986e-01
 7.0299999999999985e-01
 6.9099999999999984e-01
 6.8299999999999983e-01
 6.7259999999999986e-01
 6.5919999999999990e-01
 6.5119999999999989e-01
 6.4019999999999988e-01
 6.3299999999999990e-01
 6.2419999999999987e-01
 6.1319999999999986e-01
 6.0279999999999989e-01
 5.9139999999999993e-01
 5.7919999999999994e-01
 5.6959999999999988e-01
 5.5859999999999987e-01
 5.4919999999999991e-01
 5.4059999999999986e-01
 5.3119999999999989e-01
 5.2159999999999984e-01
 5.1219999999999988e-01
 5.0379999999999991e-01
 4.9359999999999993e-01
 4.8419999999999991e-01
 4.7719999999999990e-01
 4.6739999999999993e-01
 4.6019999999999994e-01
 4.5379999999999993e-01
 4.4379999999999992e-01
 4.3599999999999994e-01
 4.2719999999999997e-01
 4.1759999999999997e-01
 4.1039999999999999e-01
 4.0360000000000001e-01
 3.9620000000000000e-01
 3.8960000000000000e-01
 3.8260000000000000e-01
 3.7600000000000000e-01
 3.6799999999999999e-01
 3.6140000000000000e-01
 3.5620000000000002e-01
 3.4960000000000002e-01
 3.4340000000000004e-01
 3.3540000000000003e-01
 3.2720000000000005e-01
 3.2240000000000002e-01
 3.1800000000000000e-01
 3.1100000000000000e-01
 3.0640000000000001e-01
 2.9740000000000000e-01
 2.9239999999999999e-01
 2.8439999999999999e-01
 2.7820000000000000e-01
 2.7239999999999998e-01
 2.6899999999999996e-01
 2.6559999999999995e-01
 2.6019999999999993e-01
 2.5699999999999995e-01
 2.5179999999999997e-01
 2.4439999999999998e-01
 2.4059999999999998e-01
 2.3639999999999997e-01
 2.3299999999999998e-01
 2.2799999999999998e-01
 2.2239999999999999e-01
 2.1759999999999999e-01
 2.1239999999999998e-01
 2.0719999999999997e-01
 2.0219999999999996e-01
 1.9999999999999996e-01
 1.9579999999999995e-01
 1.9279999999999994e-01
 1.8839999999999996e-01
 1.8419999999999995e-01
 1.8159999999999996e-01
 1.7759999999999995e-01
 1.7459999999999995e-01
 1.7059999999999995e-01
 1.6639999999999994e-01
 1.6279999999999994e-01
 1.6019999999999995e-01
 1.5699999999999995e-01
 1.5399999999999994e-01
 1.5059999999999996e-01
 1.4779999999999996e-01
 1.4459999999999995e-01
 1.4199999999999996e-01
 1.3919999999999996e-01
 1.3579999999999998e-01
 1.3419999999999999e-01
 1.3080000000000000e-01
 1.2759999999999999e-01
 1.2460000000000000e-01
 1.2300000000000000e-01
 1.2080000000000000e-01
 1.1860000000000001e-01
 1.1680000000000001e-01
 1.1560000000000001e-01
 1.1160000000000000e-01
 1.0880000000000001e-01
 1.0700000000000001e-01
 1.0400000000000001e-01
 1.0180000000000002e-01
 9.9800000000000014e-02
 9.7600000000000020e-02
 9.5200000000000021e-02
 9.2400000000000024e-02
 9.0000000000000024e-02
 8.8400000000000020e-02
 8.7200000000000014e-02
 8.6000000000000007e-02
 8.5400000000000004e-02
 8.3200000000000010e-02
 8.1600000000000006e-02
 7.9400000000000012e-02
 7.8000000000000014e-02
 7.6800000000000007e-02
 7.3800000000000004e-02
 7.2000000000000008e-02
 7.0000000000000007e-02
 6.7800000000000013e-02
 6.6200000000000009e-02
 6.5000000000000002e-02
 6.4000000000000001e-02
 6.3200000000000006e-02
 6.1200000000000011e-02
 5.9600000000000014e-02
 5.8000000000000017e-02
 5.7200000000000015e-02
 5.5800000000000016e-02
 5.4400000000000018e-02
 5.2400000000000016e-02
 5.1600000000000014e-02
 5.0800000000000012e-02
 4.9400000000000013e-02
 4.8200000000000014e-02
 4.7800000000000016e-02
 4.6600000000000016e-02
 4.4800000000000013e-02
 4.4000000000000011e-02
 4.3200000000000009e-02
 4.2400000000000007e-02
 4.1400000000000006e-02
 4.0600000000000004e-02
 4.0200000000000007e-02
 3.8800000000000008e-02
 3.7800000000000007e-02
 3.6800000000000006e-02
 3.6000000000000004e-02
 3.5000000000000003e-02
 3.4400000000000000e-02
 3.3799999999999997e-02
 3.3199999999999993e-02
 3.2199999999999993e-02
 3.1399999999999990e-02
 3.0799999999999987e-02
 3.0399999999999986e-02
 2.9799999999999986e-02
 2.9199999999999986e-02
 2.8199999999999985e-02
 2.7799999999999984e-02
 2.7199999999999985e-02
 2.6599999999999985e-02
 2.6399999999999986e-02
 2.5799999999999986e-02
 2.4599999999999986e-02
 2.3799999999999988e-02
 2.3599999999999989e-02
 2.3599999999999989e-02
 2.3399999999999990e-02
 2.2199999999999991e-02
 2.1999999999999992e-02
 2.1999999999999992e-02
 2.1599999999999991e-02
 2.0799999999999992e-02
 2.0599999999999993e-02
 2.0199999999999992e-02
 1.9399999999999994e-02
 1.8799999999999994e-02
 1.8599999999999995e-02
 1.8399999999999996e-02
 1.7799999999999996e-02
 1.7399999999999995e-02
 1.7199999999999997e-02
 1.6999999999999998e-02
 1.6799999999999999e-02
 1.6399999999999998e-02
 1.6199999999999999e-02
 1.6000000000000000e-02
 1.5800000000000002e-02
 1.5600000000000003e-02
 1.5400000000000002e-02
 1.5200000000000002e-02
 1.4400000000000001e-02
 1.4400000000000001e-02
 1.4200000000000001e-02
 1.4000000000000000e-02
 1.3800000000000000e-02
 1.3800000000000000e-02
 1.3400000000000000e-02
 1.3400000000000000e-02
 1.3400000000000000e-02
 1.3400000000000000e-02
 1.3200000000000000e-02
 1.3200000000000000e-02
 1.3200000000000000e-02
 1.2800000000000001e-02
 1.2800000000000001e-02
 1.2600000000000000e-02
 1.2600000000000000e-02
 1.2000000000000000e-02
 1.1800000000000000e-02
 1.1200000000000000e-02
 1.1200000000000000e-02
 1.1200000000000000e-02
 1.1200000000000000e-02
 1.0999999999999999e-02
 1.0799999999999999e-02
 1.0799999999999999e-02
 1.0400000000000000e-02
 1.0199999999999999e-02
 9.9999999999999985e-03
 9.5999999999999992e-03
 9.3999999999999986e-03
 8.9999999999999993e-03
 8.6000000000000000e-03
 8.6000000000000000e-03
 8.3999999999999995e-03
 8.1999999999999990e-03
 8.1999999999999990e-03
 7.9999999999999984e-03
 7.9999999999999984e-03
 7.7999999999999988e-03
 7.3999999999999986e-03
 7.3999999999999986e-03
 7.1999999999999989e-03
 7.1999999999999989e-03
 6.9999999999999993e-03
 6.7999999999999996e-03
 6.7999999999999996e-03
 6.3999999999999994e-03
 5.9999999999999993e-03
 5.5999999999999991e-03
 5.3999999999999994e-03
 5.3999999999999994e-03
 5.3999999999999994e-03
 5.3999999999999994e-03
 5.3999999999999994e-03
 5.3999999999999994e-03
 5.3999999999999994e-03
 5.1999999999999998e-03
 5.1999999999999998e-03
 5.1999999999999998e-03
 5.1999999999999998e-03
 4.7999999999999996e-03
 4.5999999999999999e-03
 4.4000000000000003e-03
 4.4000000000000003e-03
 4.2000000000000006e-03
 4.2000000000000006e-03
 4.0000000000000010e-03
 4.0000000000000010e-03
 4.0000000000000010e-03
 3.8000000000000009e-03
 3.6000000000000008e-03
 3.6000000000000008e-03
 3.6000000000000008e-03
 3.4000000000000007e-03
 3.2000000000000006e-03
 2.8000000000000004e-03
 2.6000000000000003e-03
 2.6000000000000003e-03
 2.6000000000000003e-03
 2.6000000000000003e-03
 2.6000000000000003e-03
 2.6000000000000003e-03
 2.6000000000000003e-03
 2.6000000000000003e-03
 2.6000000000000003e-03
 2.4000000000000002e-03
 2.4000000000000002e-03
 2.4000000000000002e-03
 2.4000000000000002e-03
 2.4000000000000002e-03
 2.2000000000000001e-03
 2.0000000000000000e-03
 2.0000000000000000e-03
 2.0000000000000000e-03
 1.8000000000000002e-03
 1.8000000000000002e-03
 1.8000000000000002e-03
 1.8000000000000002e-03
 1.8000000000000002e-03
 1.8000000000000002e-03
 1.8000000000000002e-03
 1.8000000000000002e-03
 1.8000000000000002e-03
 1.4000000000000002e-03
 1.4000000000000002e-03
 1.4000000000000002e-03
 1.4000000000000002e-03
 1.4000000000000002e-03
 1.4000000000000002e-03
 1.4000000000000002e-03
 1.4000000000000002e-03
 1.4000000000000002e-03
 1.4000000000000002e-03
 1.4000000000000002e-03
 1.4000000000000002e-03
 1.2000000000000001e-03
 1.2000000000000001e-03
 1.2000000000000001e-03
 1.2000000000000001e-03
 1.2000000000000001e-03
 1.2000000000000001e-03
 1.2000000000000001e-03
 1.2000000000000001e-03
 1.2000000000000001e-03
 1.0000000000000000e-03
 1.0000000000000000e-03
 1.0000000000000000e-03
 1.0000000000000000e-03
 1.0000000000000000e-03
 1.0000000000000000e-03
 6.0000000000000006e-04
 6.0000000000000006e-04
 6.0000000000000006e-04
 6.0000000000000006e-04
 6.0000000000000006e-04
 6.0000000000000006e-04
 6.0000000000000006e-04
 6.0000000000000006e-04
 6.0000000000000006e-04
 6.0000000000000006e-04
 6.0000000000000006e-04
 6.0000000000000006e-04
 4.0000000000000002e-04
 4.0000000000000002e-04
 4.0000000000000002e-04
 4.0000000000000002e-04
 4.0000000000000002e-04
 4.0000000000000002e-04
 4.0000000000000002e-04
 4.0000000000000002e-04
 4.0000000000000002e-04
 4.0000000000000002e-04
 4.0000000000000002e-04
 2.0000000000000001e-04
 2.0000000000000001e-04
 2.0000000000000001e-04
 2.0000000000000001e-04
 2.0000000000000001e-04
 2.0000000000000001e-04
 2.0000000000000001e-04
 2.0000000000000001e-04
 2.0000000000000001e-04
 2.0000000000000001e-04
 2.0000000000000001e-04
 2.0000000000000001e-04
 2.0000000000000001e-04
 0.0000000000000000e+00
 0.0000000000000000e+00
 0.0000000000000000e+00
