# Created by Physics and Images Processing Group 
# name: Abs
# type: matrix
# rows: 500
# columns: 1
 -1.1831972244667668e+01
 -1.1768188588157587e+01
 -1.1704404931647506e+01
 -1.1640621275137425e+01
 -1.1576837618627344e+01
 -1.1513053962117262e+01
 -1.1449270305607181e+01
 -1.1385486649097100e+01
 -1.1321702992587019e+01
 -1.1257919336076938e+01
 -1.1194135679566857e+01
 -1.1130352023056776e+01
 -1.1066568366546695e+01
 -1.1002784710036615e+01
 -1.0939001053526534e+01
 -1.0875217397016453e+01
 -1.0811433740506370e+01
 -1.0747650083996289e+01
 -1.0683866427486208e+01
 -1.0620082770976127e+01
 -1.0556299114466047e+01
 -1.0492515457955966e+01
 -1.0428731801445885e+01
 -1.0364948144935804e+01
 -1.0301164488425723e+01
 -1.0237380831915640e+01
 -1.0173597175405559e+01
 -1.0109813518895479e+01
 -1.0046029862385398e+01
 -9.9822462058753167e+00
 -9.9184625493652359e+00
 -9.8546788928551550e+00
 -9.7908952363450741e+00
 -9.7271115798349932e+00
 -9.6633279233249105e+00
 -9.5995442668148314e+00
 -9.5357606103047488e+00
 -9.4719769537946679e+00
 -9.4081932972845870e+00
 -9.3444096407745061e+00
 -9.2806259842644252e+00
 -9.2168423277543443e+00
 -9.1530586712442634e+00
 -9.0892750147341825e+00
 -9.0254913582241016e+00
 -8.9617077017140190e+00
 -8.8979240452039381e+00
 -8.8341403886938572e+00
 -8.7703567321837763e+00
 -8.7065730756736954e+00
 -8.6427894191636145e+00
 -8.5790057626535337e+00
 -8.5152221061434528e+00
 -8.4514384496333719e+00
 -8.3876547931232892e+00
 -8.3238711366132101e+00
 -8.2600874801031274e+00
 -8.1963038235930465e+00
 -8.1325201670829657e+00
 -8.0687365105728848e+00
 -8.0049528540628039e+00
 -7.9411691975527230e+00
 -7.8773855410426421e+00
 -7.8136018845325603e+00
 -7.7498182280224794e+00
 -7.6860345715123985e+00
 -7.6222509150023177e+00
 -7.5584672584922359e+00
 -7.4946836019821550e+00
 -7.4308999454720741e+00
 -7.3671162889619932e+00
 -7.3033326324519123e+00
 -7.2395489759418306e+00
 -7.1757653194317497e+00
 -7.1119816629216688e+00
 -7.0481980064115879e+00
 -6.9844143499015070e+00
 -6.9206306933914252e+00
 -6.8568470368813443e+00
 -6.7930633803712634e+00
 -6.7292797238611826e+00
 -6.6654960673511017e+00
 -6.6017124108410199e+00
 -6.5379287543309390e+00
 -6.4741450978208581e+00
 -6.4103614413107772e+00
 -6.3465777848006963e+00
 -6.2827941282906146e+00
 -6.2190104717805337e+00
 -6.1552268152704528e+00
 -6.0914431587603719e+00
 -6.0276595022502910e+00
 -5.9638758457402092e+00
 -5.9000921892301283e+00
 -5.8363085327200475e+00
 -5.7725248762099666e+00
 -5.7087412196998848e+00
 -5.6449575631898039e+00
 -5.5811739066797230e+00
 -5.5173902501696421e+00
 -5.4536065936595612e+00
 -5.3898229371494795e+00
 -5.3260392806393986e+00
 -5.2622556241293177e+00
 -5.1984719676192368e+00
 -5.1346883111091559e+00
 -5.0709046545990741e+00
 -5.0071209980889932e+00
 -4.9433373415789124e+00
 -4.8795536850688315e+00
 -4.8157700285587506e+00
 -4.7519863720486688e+00
 -4.6882027155385879e+00
 -4.6244190590285070e+00
 -4.5606354025184261e+00
 -4.4968517460083453e+00
 -4.4330680894982635e+00
 -4.3692844329881826e+00
 -4.3055007764781017e+00
 -4.2417171199680208e+00
 -4.1779334634579399e+00
 -4.1141498069478581e+00
 -4.0503661504377773e+00
 -3.9865824939276964e+00
 -3.9227988374176155e+00
 -3.8590151809075346e+00
 -3.7952315243974528e+00
 -3.7314478678873719e+00
 -3.6676642113772910e+00
 -3.6038805548672102e+00
 -3.5400968983571293e+00
 -3.4763132418470484e+00
 -3.4125295853369675e+00
 -3.3487459288268848e+00
 -3.2849622723168039e+00
 -3.2211786158067230e+00
 -3.1573949592966422e+00
 -3.0936113027865613e+00
 -3.0298276462764804e+00
 -2.9660439897663995e+00
 -2.9022603332563186e+00
 -2.8384766767462377e+00
 -2.7746930202361568e+00
 -2.7109093637260742e+00
 -2.6471257072159933e+00
 -2.5833420507059124e+00
 -2.5195583941958315e+00
 -2.4557747376857506e+00
 -2.3919910811756697e+00
 -2.3282074246655888e+00
 -2.2644237681555079e+00
 -2.2006401116454271e+00
 -2.1368564551353462e+00
 -2.0730727986252635e+00
 -2.0092891421151826e+00
 -1.9455054856051017e+00
 -1.8817218290950208e+00
 -1.8179381725849399e+00
 -1.7541545160748591e+00
 -1.6903708595647782e+00
 -1.6265872030546973e+00
 -1.5628035465446164e+00
 -1.4990198900345355e+00
 -1.4352362335244528e+00
 -1.3714525770143720e+00
 -1.3076689205042911e+00
 -1.2438852639942102e+00
 -1.1801016074841293e+00
 -1.1163179509740484e+00
 -1.0525342944639675e+00
 -9.8875063795388662e-01
 -9.2496698144380574e-01
 -8.6118332493372485e-01
 -7.9739966842364218e-01
 -7.3361601191356129e-01
 -6.6983235540348041e-01
 -6.0604869889339952e-01
 -5.4226504238331863e-01
 -4.7848138587323774e-01
 -4.1469772936315685e-01
 -3.5091407285307596e-01
 -2.8713041634299508e-01
 -2.2334675983291419e-01
 -1.5956310332283152e-01
 -9.5779446812750635e-02
 -3.1995790302669747e-02
 3.1787866207411142e-02
 9.5571522717492030e-02
 1.5935517922757292e-01
 2.2313883573765381e-01
 2.8692249224773470e-01
 3.5070614875781558e-01
 4.1448980526789825e-01
 4.7827346177797914e-01
 5.4205711828806002e-01
 6.0584077479814091e-01
 6.6962443130822180e-01
 7.3340808781830269e-01
 7.9719174432838358e-01
 8.6097540083846447e-01
 9.2475905734854535e-01
 9.8854271385862624e-01
 1.0523263703687089e+00
 1.1161100268787898e+00
 1.1798936833888707e+00
 1.2436773398989516e+00
 1.3074609964090325e+00
 1.3712446529191133e+00
 1.4350283094291942e+00
 1.4988119659392751e+00
 1.5625956224493560e+00
 1.6263792789594369e+00
 1.6901629354695196e+00
 1.7539465919796005e+00
 1.8177302484896813e+00
 1.8815139049997622e+00
 1.9452975615098431e+00
 2.0090812180199240e+00
 2.0728648745300049e+00
 2.1366485310400858e+00
 2.2004321875501667e+00
 2.2642158440602476e+00
 2.3279995005703302e+00
 2.3917831570804111e+00
 2.4555668135904920e+00
 2.5193504701005729e+00
 2.5831341266106538e+00
 2.6469177831207347e+00
 2.7107014396308156e+00
 2.7744850961408964e+00
 2.8382687526509773e+00
 2.9020524091610582e+00
 2.9658360656711409e+00
 3.0296197221812218e+00
 3.0934033786913027e+00
 3.1571870352013836e+00
 3.2209706917114644e+00
 3.2847543482215453e+00
 3.3485380047316262e+00
 3.4123216612417071e+00
 3.4761053177517880e+00
 3.5398889742618689e+00
 3.6036726307719515e+00
 3.6674562872820324e+00
 3.7312399437921133e+00
 3.7950236003021942e+00
 3.8588072568122751e+00
 3.9225909133223560e+00
 3.9863745698324369e+00
 4.0501582263425178e+00
 4.1139418828525987e+00
 4.1777255393626795e+00
 4.2415091958727622e+00
 4.3052928523828413e+00
 4.3690765088929240e+00
 4.4328601654030031e+00
 4.4966438219130858e+00
 4.5604274784231684e+00
 4.6242111349332475e+00
 4.6879947914433302e+00
 4.7517784479534093e+00
 4.8155621044634920e+00
 4.8793457609735711e+00
 4.9431294174836538e+00
 5.0069130739937329e+00
 5.0706967305038155e+00
 5.1344803870138982e+00
 5.1982640435239773e+00
 5.2620477000340600e+00
 5.3258313565441391e+00
 5.3896150130542217e+00
 5.4533986695643009e+00
 5.5171823260743835e+00
 5.5809659825844626e+00
 5.6447496390945453e+00
 5.7085332956046244e+00
 5.7723169521147071e+00
 5.8361006086247897e+00
 5.8998842651348689e+00
 5.9636679216449515e+00
 6.0274515781550306e+00
 6.0912352346651133e+00
 6.1550188911751924e+00
 6.2188025476852751e+00
 6.2825862041953542e+00
 6.3463698607054368e+00
 6.4101535172155195e+00
 6.4739371737255986e+00
 6.5377208302356813e+00
 6.6015044867457604e+00
 6.6652881432558431e+00
 6.7290717997659222e+00
 6.7928554562760048e+00
 6.8566391127860840e+00
 6.9204227692961666e+00
 6.9842064258062457e+00
 7.0479900823163284e+00
 7.1117737388264111e+00
 7.1755573953364902e+00
 7.2393410518465728e+00
 7.3031247083566520e+00
 7.3669083648667346e+00
 7.4306920213768137e+00
 7.4944756778868964e+00
 7.5582593343969755e+00
 7.6220429909070582e+00
 7.6858266474171408e+00
 7.7496103039272199e+00
 7.8133939604373026e+00
 7.8771776169473817e+00
 7.9409612734574644e+00
 8.0047449299675435e+00
 8.0685285864776262e+00
 8.1323122429877053e+00
 8.1960958994977879e+00
 8.2598795560078671e+00
 8.3236632125179497e+00
 8.3874468690280324e+00
 8.4512305255381115e+00
 8.5150141820481942e+00
 8.5787978385582733e+00
 8.6425814950683559e+00
 8.7063651515784350e+00
 8.7701488080885177e+00
 8.8339324645985968e+00
 8.8977161211086795e+00
 8.9614997776187622e+00
 9.0252834341288413e+00
 9.0890670906389239e+00
 9.1528507471490030e+00
 9.2166344036590857e+00
 9.2804180601691648e+00
 9.3442017166792475e+00
 9.4079853731893266e+00
 9.4717690296994093e+00
 9.5355526862094919e+00
 9.5993363427195710e+00
 9.6631199992296537e+00
 9.7269036557397328e+00
 9.7906873122498155e+00
 9.8544709687598946e+00
 9.9182546252699773e+00
 9.9820382817800564e+00
 1.0045821938290139e+01
 1.0109605594800218e+01
 1.0173389251310301e+01
 1.0237172907820383e+01
 1.0300956564330463e+01
 1.0364740220840545e+01
 1.0428523877350624e+01
 1.0492307533860707e+01
 1.0556091190370786e+01
 1.0619874846880869e+01
 1.0683658503390948e+01
 1.0747442159901031e+01
 1.0811225816411113e+01
 1.0875009472921192e+01
 1.0938793129431275e+01
 1.1002576785941354e+01
 1.1066360442451437e+01
 1.1130144098961516e+01
 1.1193927755471599e+01
 1.1257711411981678e+01
 1.1321495068491760e+01
 1.1385278725001839e+01
 1.1449062381511922e+01
 1.1512846038022005e+01
 1.1576629694532084e+01
 1.1640413351042167e+01
 1.1704197007552246e+01
 1.1767980664062328e+01
 1.1831764320572407e+01
 1.1895547977082490e+01
 1.1959331633592569e+01
 1.2023115290102652e+01
 1.2086898946612735e+01
 1.2150682603122814e+01
 1.2214466259632896e+01
 1.2278249916142975e+01
 1.2342033572653058e+01
 1.2405817229163137e+01
 1.2469600885673220e+01
 1.2533384542183299e+01
 1.2597168198693382e+01
 1.2660951855203464e+01
 1.2724735511713543e+01
 1.2788519168223626e+01
 1.2852302824733705e+01
 1.2916086481243788e+01
 1.2979870137753867e+01
 1.3043653794263950e+01
 1.3107437450774029e+01
 1.3171221107284111e+01
 1.3235004763794191e+01
 1.3298788420304273e+01
 1.3362572076814356e+01
 1.3426355733324435e+01
 1.3490139389834518e+01
 1.3553923046344597e+01
 1.3617706702854679e+01
 1.3681490359364759e+01
 1.3745274015874841e+01
 1.3809057672384920e+01
 1.3872841328895003e+01
 1.3936624985405086e+01
 1.4000408641915165e+01
 1.4064192298425247e+01
 1.4127975954935327e+01
 1.4191759611445409e+01
 1.4255543267955488e+01
 1.4319326924465571e+01
 1.4383110580975650e+01
 1.4446894237485733e+01
 1.4510677893995812e+01
 1.4574461550505895e+01
 1.4638245207015977e+01
 1.4702028863526056e+01
 1.4765812520036139e+01
 1.4829596176546218e+01
 1.4893379833056301e+01
 1.4957163489566380e+01
 1.5020947146076463e+01
 1.5084730802586542e+01
 1.5148514459096624e+01
 1.5212298115606707e+01
 1.5276081772116786e+01
 1.5339865428626869e+01
 1.5403649085136948e+01
 1.5467432741647031e+01
 1.5531216398157110e+01
 1.5595000054667192e+01
 1.5658783711177271e+01
 1.5722567367687354e+01
 1.5786351024197433e+01
 1.5850134680707516e+01
 1.5913918337217599e+01
 1.5977701993727678e+01
 1.6041485650237760e+01
 1.6105269306747839e+01
 1.6169052963257922e+01
 1.6232836619768001e+01
 1.6296620276278084e+01
 1.6360403932788163e+01
 1.6424187589298246e+01
 1.6487971245808328e+01
 1.6551754902318407e+01
 1.6615538558828490e+01
 1.6679322215338569e+01
 1.6743105871848652e+01
 1.6806889528358731e+01
 1.6870673184868814e+01
 1.6934456841378893e+01
 1.6998240497888975e+01
 1.7062024154399058e+01
 1.7125807810909137e+01
 1.7189591467419220e+01
 1.7253375123929299e+01
 1.7317158780439382e+01
 1.7380942436949461e+01
 1.7444726093459543e+01
 1.7508509749969623e+01
 1.7572293406479705e+01
 1.7636077062989784e+01
 1.7699860719499867e+01
 1.7763644376009950e+01
 1.7827428032520029e+01
 1.7891211689030111e+01
 1.7954995345540190e+01
 1.8018779002050273e+01
 1.8082562658560352e+01
 1.8146346315070435e+01
 1.8210129971580514e+01
 1.8273913628090597e+01
 1.8337697284600679e+01
 1.8401480941110758e+01
 1.8465264597620841e+01
 1.8529048254130920e+01
 1.8592831910641003e+01
 1.8656615567151082e+01
 1.8720399223661165e+01
 1.8784182880171244e+01
 1.8847966536681326e+01
 1.8911750193191406e+01
 1.8975533849701488e+01
 1.9039317506211571e+01
 1.9103101162721650e+01
 1.9166884819231733e+01
 1.9230668475741812e+01
 1.9294452132251894e+01
 1.9358235788761974e+01
 1.9422019445272056e+01
 1.9485803101782135e+01
 1.9549586758292218e+01
 1.9613370414802301e+01
 1.9677154071312380e+01
 1.9740937727822462e+01
 1.9804721384332542e+01
 1.9868505040842624e+01
 1.9932288697352703e+01
 1.9996072353862786e+01
# name: Hist_H0
# type: matrix
# rows: 500
# columns: 1
 1.0000000000000000e+00
 0.0000000000000000e+00
 0.0000000000000000e+00
 0.0000000000000000e+00
 0.0000000000000000e+00
 0.0000000000000000e+00
 1.0000000000000000e+00
 0.0000000000000000e+00
 1.0000000000000000e+00
 0.0000000000000000e+00
 0.0000000000000000e+00
 0.0000000000000000e+00
 1.0000000000000000e+00
 0.0000000000000000e+00
 0.0000000000000000e+00
 0.0000000000000000e+00
 2.0000000000000000e+00
 0.0000000000000000e+00
 1.0000000000000000e+00
 1.0000000000000000e+00
 1.0000000000000000e+00
 0.0000000000000000e+00
 2.0000000000000000e+00
 2.0000000000000000e+00
 2.0000000000000000e+00
 3.0000000000000000e+00
 1.0000000000000000e+00
 4.0000000000000000e+00
 1.0000000000000000e+00
 2.0000000000000000e+00
 4.0000000000000000e+00
 3.0000000000000000e+00
 1.0000000000000000e+00
 0.0000000000000000e+00
 6.0000000000000000e+00
 3.0000000000000000e+00
 7.0000000000000000e+00
 6.0000000000000000e+00
 1.0000000000000000e+00
 2.0000000000000000e+00
 4.0000000000000000e+00
 7.0000000000000000e+00
 3.0000000000000000e+00
 4.0000000000000000e+00
 5.0000000000000000e+00
 6.0000000000000000e+00
 5.0000000000000000e+00
 5.0000000000000000e+00
 7.0000000000000000e+00
 8.0000000000000000e+00
 1.1000000000000000e+01
 1.0000000000000000e+01
 7.0000000000000000e+00
 1.4000000000000000e+01
 1.2000000000000000e+01
 1.5000000000000000e+01
 7.0000000000000000e+00
 9.0000000000000000e+00
 1.4000000000000000e+01
 1.6000000000000000e+01
 1.4000000000000000e+01
 1.5000000000000000e+01
 1.4000000000000000e+01
 1.2000000000000000e+01
 2.0000000000000000e+01
 2.3000000000000000e+01
 1.5000000000000000e+01
 2.2000000000000000e+01
 3.0000000000000000e+01
 1.5000000000000000e+01
 2.5000000000000000e+01
 2.3000000000000000e+01
 3.1000000000000000e+01
 3.0000000000000000e+01
 3.1000000000000000e+01
 2.6000000000000000e+01
 3.2000000000000000e+01
 3.2000000000000000e+01
 3.6000000000000000e+01
 3.2000000000000000e+01
 3.4000000000000000e+01
 4.2000000000000000e+01
 3.3000000000000000e+01
 3.7000000000000000e+01
 4.3000000000000000e+01
 4.3000000000000000e+01
 3.8000000000000000e+01
 4.1000000000000000e+01
 2.8000000000000000e+01
 3.9000000000000000e+01
 4.1000000000000000e+01
 5.5000000000000000e+01
 4.3000000000000000e+01
 3.8000000000000000e+01
 4.0000000000000000e+01
 5.1000000000000000e+01
 5.9000000000000000e+01
 5.5000000000000000e+01
 5.1000000000000000e+01
 4.3000000000000000e+01
 5.2000000000000000e+01
 5.2000000000000000e+01
 3.9000000000000000e+01
 5.5000000000000000e+01
 6.7000000000000000e+01
 5.8000000000000000e+01
 4.8000000000000000e+01
 5.4000000000000000e+01
 4.6000000000000000e+01
 5.3000000000000000e+01
 5.8000000000000000e+01
 5.7000000000000000e+01
 4.5000000000000000e+01
 5.0000000000000000e+01
 3.9000000000000000e+01
 4.2000000000000000e+01
 3.5000000000000000e+01
 4.2000000000000000e+01
 5.5000000000000000e+01
 6.0000000000000000e+01
 4.0000000000000000e+01
 5.8000000000000000e+01
 5.4000000000000000e+01
 3.7000000000000000e+01
 5.3000000000000000e+01
 5.6000000000000000e+01
 5.2000000000000000e+01
 5.0000000000000000e+01
 5.5000000000000000e+01
 4.8000000000000000e+01
 5.3000000000000000e+01
 4.8000000000000000e+01
 4.1000000000000000e+01
 4.6000000000000000e+01
 3.7000000000000000e+01
 4.4000000000000000e+01
 3.5000000000000000e+01
 4.0000000000000000e+01
 4.5000000000000000e+01
 4.8000000000000000e+01
 4.8000000000000000e+01
 5.6000000000000000e+01
 4.0000000000000000e+01
 4.5000000000000000e+01
 2.9000000000000000e+01
 3.8000000000000000e+01
 3.5000000000000000e+01
 3.4000000000000000e+01
 3.5000000000000000e+01
 3.1000000000000000e+01
 3.8000000000000000e+01
 3.2000000000000000e+01
 3.6000000000000000e+01
 4.4000000000000000e+01
 2.9000000000000000e+01
 2.9000000000000000e+01
 3.2000000000000000e+01
 3.0000000000000000e+01
 2.7000000000000000e+01
 3.2000000000000000e+01
 3.4000000000000000e+01
 1.7000000000000000e+01
 2.2000000000000000e+01
 3.2000000000000000e+01
 1.5000000000000000e+01
 2.7000000000000000e+01
 2.3000000000000000e+01
 2.1000000000000000e+01
 2.4000000000000000e+01
 2.8000000000000000e+01
 1.6000000000000000e+01
 1.9000000000000000e+01
 2.1000000000000000e+01
 2.1000000000000000e+01
 1.5000000000000000e+01
 2.1000000000000000e+01
 1.9000000000000000e+01
 2.0000000000000000e+01
 1.5000000000000000e+01
 1.2000000000000000e+01
 1.1000000000000000e+01
 1.0000000000000000e+01
 1.7000000000000000e+01
 1.3000000000000000e+01
 1.5000000000000000e+01
 7.0000000000000000e+00
 1.5000000000000000e+01
 9.0000000000000000e+00
 2.2000000000000000e+01
 7.0000000000000000e+00
 1.5000000000000000e+01
 8.0000000000000000e+00
 1.1000000000000000e+01
 1.0000000000000000e+01
 7.0000000000000000e+00
 8.0000000000000000e+00
 5.0000000000000000e+00
 7.0000000000000000e+00
 7.0000000000000000e+00
 2.0000000000000000e+00
 4.0000000000000000e+00
 3.0000000000000000e+00
 8.0000000000000000e+00
 6.0000000000000000e+00
 6.0000000000000000e+00
 1.1000000000000000e+01
 7.0000000000000000e+00
 4.0000000000000000e+00
 6.0000000000000000e+00
 2.0000000000000000e+00
 5.0000000000000000e+00
 5.0000000000000000e+00
 3.0000000000000000e+00
 2.0000000000000000e+00
 4.0000000000000000e+00
 6.0000000000000000e+00
 2.0000000000000000e+00
 3.0000000000000000e+00
 1.0000000000000000e+00
 4.0000000000000000e+00
 1.0000000000000000e+00
 1.0000000000000000e+00
 1.0000000000000000e+00
 5.0000000000000000e+00
 0.0000000000000000e+00
 5.0000000000000000e+00
 4.0000000000000000e+00
 0.0000000000000000e+00
 3.0000000000000000e+00
 4.0000000000000000e+00
 0.0000000000000000e+00
 2.0000000000000000e+00
 2.0000000000000000e+00
 2.0000000000000000e+00
 1.0000000000000000e+00
 1.0000000000000000e+00
 0.0000000000000000e+00
 0.0000000000000000e+00
 0.0000000000000000e+00
 2.0000000000000000e+00
 2.0000000000000000e+00
 1.0000000000000000e+00
 1.0000000000000000e+00
 1.0000000000000000e+00
 2.0000000000000000e+00
 0.0000000000000000e+00
 1.0000000000000000e+00
 0.0000000000000000e+00
 2.0000000000000000e+00
 0.0000000000000000e+00
 0.0000000000000000e+00
 0.0000000000000000e+00
 0.0000000000000000e+00
 1.0000000000000000e+00
 0.0000000000000000e+00
 0.0000000000000000e+00
 0.0000000000000000e+00
 1.0000000000000000e+00
 0.0000000000000000e+00
 0.0000000000000000e+00
 0.0000000000000000e+00
 1.0000000000000000e+00
 0.0000000000000000e+00
 0.0000000000000000e+00
 2.0000000000000000e+00
 0.0000000000000000e+00
 0.0000000000000000e+00
 0.0000000000000000e+00
 0.0000000000000000e+00
 0.0000000000000000e+00
 0.0000000000000000e+00
 0.0000000000000000e+00
 0.0000000000000000e+00
 0.0000000000000000e+00
 0.0000000000000000e+00
 0.0000000000000000e+00
 1.0000000000000000e+00
 1.0000000000000000e+00
 1.0000000000000000e+00
 0.0000000000000000e+00
 0.0000000000000000e+00
 0.0000000000000000e+00
 0.0000000000000000e+00
 0.0000000000000000e+00
 0.0000000000000000e+00
 0.0000000000000000e+00
 0.0000000000000000e+00
 0.0000000000000000e+00
 1.0000000000000000e+00
 0.0000000000000000e+00
 0.0000000000000000e+00
 0.0000000000000000e+00
 0.0000000000000000e+00
 0.0000000000000000e+00
 0.0000000000000000e+00
 0.0000000000000000e+00
 0.0000000000000000e+00
 0.0000000000000000e+00
 0.0000000000000000e+00
 0.0000000000000000e+00
 0.0000000000000000e+00
 0.0000000000000000e+00
 0.0000000000000000e+00
 0.0000000000000000e+00
 0.0000000000000000e+00
 0.0000000000000000e+00
 0.0000000000000000e+00
 0.0000000000000000e+00
 0.0000000000000000e+00
 0.0000000000000000e+00
 0.0000000000000000e+00
 0.0000000000000000e+00
 0.0000000000000000e+00
 0.0000000000000000e+00
 0.0000000000000000e+00
 0.0000000000000000e+00
 0.0000000000000000e+00
 0.0000000000000000e+00
 0.0000000000000000e+00
 0.0000000000000000e+00
 0.0000000000000000e+00
 0.0000000000000000e+00
 0.0000000000000000e+00
 0.0000000000000000e+00
 0.0000000000000000e+00
 0.0000000000000000e+00
 0.0000000000000000e+00
 0.0000000000000000e+00
 0.0000000000000000e+00
 0.0000000000000000e+00
 0.0000000000000000e+00
 0.0000000000000000e+00
 0.0000000000000000e+00
 0.0000000000000000e+00
 0.0000000000000000e+00
 0.0000000000000000e+00
 0.0000000000000000e+00
 0.0000000000000000e+00
 0.0000000000000000e+00
 0.0000000000000000e+00
 0.0000000000000000e+00
 0.0000000000000000e+00
 0.0000000000000000e+00
 0.0000000000000000e+00
 0.0000000000000000e+00
 0.0000000000000000e+00
 0.0000000000000000e+00
 0.0000000000000000e+00
 0.0000000000000000e+00
 0.0000000000000000e+00
 0.0000000000000000e+00
 0.0000000000000000e+00
 0.0000000000000000e+00
 0.0000000000000000e+00
 0.0000000000000000e+00
 0.0000000000000000e+00
 0.0000000000000000e+00
 0.0000000000000000e+00
 0.0000000000000000e+00
 0.0000000000000000e+00
 0.0000000000000000e+00
 0.0000000000000000e+00
 0.0000000000000000e+00
 0.0000000000000000e+00
 0.0000000000000000e+00
 0.0000000000000000e+00
 0.0000000000000000e+00
 0.0000000000000000e+00
 0.0000000000000000e+00
 0.0000000000000000e+00
 0.0000000000000000e+00
 0.0000000000000000e+00
 0.0000000000000000e+00
 0.0000000000000000e+00
 0.0000000000000000e+00
 0.0000000000000000e+00
 0.0000000000000000e+00
 0.0000000000000000e+00
 0.0000000000000000e+00
 0.0000000000000000e+00
 0.0000000000000000e+00
 0.0000000000000000e+00
 0.0000000000000000e+00
 0.0000000000000000e+00
 0.0000000000000000e+00
 0.0000000000000000e+00
 0.0000000000000000e+00
 0.0000000000000000e+00
 0.0000000000000000e+00
 0.0000000000000000e+00
 0.0000000000000000e+00
 0.0000000000000000e+00
 0.0000000000000000e+00
 0.0000000000000000e+00
 0.0000000000000000e+00
 0.0000000000000000e+00
 0.0000000000000000e+00
 0.0000000000000000e+00
 0.0000000000000000e+00
 0.0000000000000000e+00
 0.0000000000000000e+00
 0.0000000000000000e+00
 0.0000000000000000e+00
 0.0000000000000000e+00
 0.0000000000000000e+00
 0.0000000000000000e+00
 0.0000000000000000e+00
 0.0000000000000000e+00
 0.0000000000000000e+00
 0.0000000000000000e+00
 0.0000000000000000e+00
 0.0000000000000000e+00
 0.0000000000000000e+00
 0.0000000000000000e+00
 0.0000000000000000e+00
 0.0000000000000000e+00
 0.0000000000000000e+00
 0.0000000000000000e+00
 0.0000000000000000e+00
 0.0000000000000000e+00
 0.0000000000000000e+00
 0.0000000000000000e+00
 0.0000000000000000e+00
 0.0000000000000000e+00
 0.0000000000000000e+00
 0.0000000000000000e+00
 0.0000000000000000e+00
 0.0000000000000000e+00
 0.0000000000000000e+00
 0.0000000000000000e+00
 0.0000000000000000e+00
 0.0000000000000000e+00
 0.0000000000000000e+00
 0.0000000000000000e+00
 0.0000000000000000e+00
 0.0000000000000000e+00
 0.0000000000000000e+00
 0.0000000000000000e+00
 0.0000000000000000e+00
 0.0000000000000000e+00
 0.0000000000000000e+00
 0.0000000000000000e+00
 0.0000000000000000e+00
 0.0000000000000000e+00
 0.0000000000000000e+00
 0.0000000000000000e+00
 0.0000000000000000e+00
 0.0000000000000000e+00
 0.0000000000000000e+00
 0.0000000000000000e+00
 0.0000000000000000e+00
 0.0000000000000000e+00
 0.0000000000000000e+00
 0.0000000000000000e+00
 0.0000000000000000e+00
 0.0000000000000000e+00
 0.0000000000000000e+00
 0.0000000000000000e+00
 0.0000000000000000e+00
 0.0000000000000000e+00
 0.0000000000000000e+00
 0.0000000000000000e+00
 0.0000000000000000e+00
 0.0000000000000000e+00
 0.0000000000000000e+00
 0.0000000000000000e+00
 0.0000000000000000e+00
 0.0000000000000000e+00
 0.0000000000000000e+00
 0.0000000000000000e+00
 0.0000000000000000e+00
 0.0000000000000000e+00
 0.0000000000000000e+00
 0.0000000000000000e+00
 0.0000000000000000e+00
 0.0000000000000000e+00
 0.0000000000000000e+00
 0.0000000000000000e+00
 0.0000000000000000e+00
 0.0000000000000000e+00
 0.0000000000000000e+00
 0.0000000000000000e+00
 0.0000000000000000e+00
 0.0000000000000000e+00
 0.0000000000000000e+00
 0.0000000000000000e+00
 0.0000000000000000e+00
 0.0000000000000000e+00
 0.0000000000000000e+00
 0.0000000000000000e+00
 0.0000000000000000e+00
 0.0000000000000000e+00
 0.0000000000000000e+00
 0.0000000000000000e+00
 0.0000000000000000e+00
 0.0000000000000000e+00
 0.0000000000000000e+00
 0.0000000000000000e+00
 0.0000000000000000e+00
 0.0000000000000000e+00
# name: Hist_H1
# type: matrix
# rows: 500
# columns: 1
 0.0000000000000000e+00
 0.0000000000000000e+00
 0.0000000000000000e+00
 0.0000000000000000e+00
 0.0000000000000000e+00
 0.0000000000000000e+00
 0.0000000000000000e+00
 0.0000000000000000e+00
 0.0000000000000000e+00
 0.0000000000000000e+00
 0.0000000000000000e+00
 0.0000000000000000e+00
 0.0000000000000000e+00
 0.0000000000000000e+00
 0.0000000000000000e+00
 0.0000000000000000e+00
 0.0000000000000000e+00
 0.0000000000000000e+00
 0.0000000000000000e+00
 0.0000000000000000e+00
 0.0000000000000000e+00
 0.0000000000000000e+00
 0.0000000000000000e+00
 0.0000000000000000e+00
 0.0000000000000000e+00
 0.0000000000000000e+00
 0.0000000000000000e+00
 0.0000000000000000e+00
 0.0000000000000000e+00
 0.0000000000000000e+00
 0.0000000000000000e+00
 0.0000000000000000e+00
 0.0000000000000000e+00
 0.0000000000000000e+00
 0.0000000000000000e+00
 0.0000000000000000e+00
 0.0000000000000000e+00
 0.0000000000000000e+00
 0.0000000000000000e+00
 0.0000000000000000e+00
 0.0000000000000000e+00
 0.0000000000000000e+00
 0.0000000000000000e+00
 0.0000000000000000e+00
 0.0000000000000000e+00
 0.0000000000000000e+00
 0.0000000000000000e+00
 0.0000000000000000e+00
 0.0000000000000000e+00
 0.0000000000000000e+00
 0.0000000000000000e+00
 0.0000000000000000e+00
 0.0000000000000000e+00
 0.0000000000000000e+00
 0.0000000000000000e+00
 0.0000000000000000e+00
 0.0000000000000000e+00
 0.0000000000000000e+00
 0.0000000000000000e+00
 0.0000000000000000e+00
 0.0000000000000000e+00
 0.0000000000000000e+00
 0.0000000000000000e+00
 0.0000000000000000e+00
 0.0000000000000000e+00
 0.0000000000000000e+00
 0.0000000000000000e+00
 0.0000000000000000e+00
 0.0000000000000000e+00
 0.0000000000000000e+00
 0.0000000000000000e+00
 0.0000000000000000e+00
 0.0000000000000000e+00
 0.0000000000000000e+00
 0.0000000000000000e+00
 0.0000000000000000e+00
 0.0000000000000000e+00
 0.0000000000000000e+00
 0.0000000000000000e+00
 0.0000000000000000e+00
 0.0000000000000000e+00
 0.0000000000000000e+00
 0.0000000000000000e+00
 0.0000000000000000e+00
 0.0000000000000000e+00
 0.0000000000000000e+00
 0.0000000000000000e+00
 0.0000000000000000e+00
 0.0000000000000000e+00
 0.0000000000000000e+00
 0.0000000000000000e+00
 1.0000000000000000e+00
 0.0000000000000000e+00
 0.0000000000000000e+00
 0.0000000000000000e+00
 1.0000000000000000e+00
 0.0000000000000000e+00
 0.0000000000000000e+00
 1.0000000000000000e+00
 0.0000000000000000e+00
 0.0000000000000000e+00
 0.0000000000000000e+00
 0.0000000000000000e+00
 0.0000000000000000e+00
 0.0000000000000000e+00
 0.0000000000000000e+00
 0.0000000000000000e+00
 1.0000000000000000e+00
 0.0000000000000000e+00
 0.0000000000000000e+00
 0.0000000000000000e+00
 0.0000000000000000e+00
 1.0000000000000000e+00
 0.0000000000000000e+00
 0.0000000000000000e+00
 0.0000000000000000e+00
 2.0000000000000000e+00
 0.0000000000000000e+00
 0.0000000000000000e+00
 0.0000000000000000e+00
 0.0000000000000000e+00
 2.0000000000000000e+00
 0.0000000000000000e+00
 0.0000000000000000e+00
 0.0000000000000000e+00
 1.0000000000000000e+00
 0.0000000000000000e+00
 1.0000000000000000e+00
 1.0000000000000000e+00
 2.0000000000000000e+00
 2.0000000000000000e+00
 5.0000000000000000e+00
 0.0000000000000000e+00
 3.0000000000000000e+00
 3.0000000000000000e+00
 1.0000000000000000e+00
 1.0000000000000000e+00
 0.0000000000000000e+00
 1.0000000000000000e+00
 2.0000000000000000e+00
 1.0000000000000000e+00
 1.0000000000000000e+00
 3.0000000000000000e+00
 3.0000000000000000e+00
 2.0000000000000000e+00
 2.0000000000000000e+00
 4.0000000000000000e+00
 4.0000000000000000e+00
 4.0000000000000000e+00
 4.0000000000000000e+00
 3.0000000000000000e+00
 6.0000000000000000e+00
 6.0000000000000000e+00
 7.0000000000000000e+00
 4.0000000000000000e+00
 4.0000000000000000e+00
 5.0000000000000000e+00
 6.0000000000000000e+00
 4.0000000000000000e+00
 8.0000000000000000e+00
 6.0000000000000000e+00
 5.0000000000000000e+00
 1.4000000000000000e+01
 5.0000000000000000e+00
 8.0000000000000000e+00
 8.0000000000000000e+00
 6.0000000000000000e+00
 2.0000000000000000e+00
 9.0000000000000000e+00
 9.0000000000000000e+00
 6.0000000000000000e+00
 7.0000000000000000e+00
 1.5000000000000000e+01
 5.0000000000000000e+00
 3.0000000000000000e+00
 8.0000000000000000e+00
 1.5000000000000000e+01
 9.0000000000000000e+00
 9.0000000000000000e+00
 9.0000000000000000e+00
 1.6000000000000000e+01
 1.2000000000000000e+01
 7.0000000000000000e+00
 9.0000000000000000e+00
 1.3000000000000000e+01
 1.4000000000000000e+01
 1.1000000000000000e+01
 1.2000000000000000e+01
 1.1000000000000000e+01
 1.2000000000000000e+01
 1.6000000000000000e+01
 1.6000000000000000e+01
 1.7000000000000000e+01
 2.0000000000000000e+01
 1.6000000000000000e+01
 2.0000000000000000e+01
 1.8000000000000000e+01
 1.5000000000000000e+01
 1.6000000000000000e+01
 2.3000000000000000e+01
 2.5000000000000000e+01
 1.5000000000000000e+01
 1.1000000000000000e+01
 1.8000000000000000e+01
 2.0000000000000000e+01
 1.7000000000000000e+01
 2.0000000000000000e+01
 2.2000000000000000e+01
 1.6000000000000000e+01
 1.8000000000000000e+01
 1.3000000000000000e+01
 2.7000000000000000e+01
 2.8000000000000000e+01
 2.3000000000000000e+01
 2.6000000000000000e+01
 1.6000000000000000e+01
 2.7000000000000000e+01
 2.7000000000000000e+01
 2.5000000000000000e+01
 2.5000000000000000e+01
 2.8000000000000000e+01
 2.3000000000000000e+01
 2.7000000000000000e+01
 2.5000000000000000e+01
 2.3000000000000000e+01
 2.3000000000000000e+01
 3.4000000000000000e+01
 3.6000000000000000e+01
 2.8000000000000000e+01
 3.0000000000000000e+01
 2.2000000000000000e+01
 2.7000000000000000e+01
 2.8000000000000000e+01
 2.2000000000000000e+01
 2.9000000000000000e+01
 2.4000000000000000e+01
 2.9000000000000000e+01
 2.5000000000000000e+01
 2.9000000000000000e+01
 3.2000000000000000e+01
 3.0000000000000000e+01
 3.9000000000000000e+01
 3.4000000000000000e+01
 2.4000000000000000e+01
 2.3000000000000000e+01
 2.5000000000000000e+01
 3.2000000000000000e+01
 3.0000000000000000e+01
 3.0000000000000000e+01
 3.1000000000000000e+01
 2.6000000000000000e+01
 2.3000000000000000e+01
 3.4000000000000000e+01
 2.0000000000000000e+01
 2.9000000000000000e+01
 3.1000000000000000e+01
 4.9000000000000000e+01
 3.5000000000000000e+01
 3.6000000000000000e+01
 3.8000000000000000e+01
 3.4000000000000000e+01
 3.1000000000000000e+01
 2.3000000000000000e+01
 2.7000000000000000e+01
 3.6000000000000000e+01
 3.5000000000000000e+01
 3.6000000000000000e+01
 3.9000000000000000e+01
 2.8000000000000000e+01
 3.2000000000000000e+01
 3.1000000000000000e+01
 2.7000000000000000e+01
 3.2000000000000000e+01
 3.2000000000000000e+01
 3.9000000000000000e+01
 3.3000000000000000e+01
 4.6000000000000000e+01
 3.7000000000000000e+01
 4.1000000000000000e+01
 4.5000000000000000e+01
 3.0000000000000000e+01
 3.1000000000000000e+01
 2.5000000000000000e+01
 3.2000000000000000e+01
 3.4000000000000000e+01
 2.9000000000000000e+01
 2.8000000000000000e+01
 2.9000000000000000e+01
 3.1000000000000000e+01
 1.9000000000000000e+01
 3.3000000000000000e+01
 2.1000000000000000e+01
 3.3000000000000000e+01
 2.1000000000000000e+01
 2.8000000000000000e+01
 3.7000000000000000e+01
 3.0000000000000000e+01
 2.9000000000000000e+01
 1.8000000000000000e+01
 3.5000000000000000e+01
 2.7000000000000000e+01
 1.9000000000000000e+01
 2.8000000000000000e+01
 2.1000000000000000e+01
 3.1000000000000000e+01
 2.5000000000000000e+01
 2.6000000000000000e+01
 2.4000000000000000e+01
 1.8000000000000000e+01
 2.0000000000000000e+01
 2.0000000000000000e+01
 2.8000000000000000e+01
 2.7000000000000000e+01
 2.7000000000000000e+01
 2.2000000000000000e+01
 2.1000000000000000e+01
 3.5000000000000000e+01
 2.1000000000000000e+01
 1.8000000000000000e+01
 2.7000000000000000e+01
 1.8000000000000000e+01
 1.7000000000000000e+01
 2.6000000000000000e+01
 1.9000000000000000e+01
 1.5000000000000000e+01
 1.7000000000000000e+01
 1.8000000000000000e+01
 1.8000000000000000e+01
 2.0000000000000000e+01
 2.2000000000000000e+01
 2.1000000000000000e+01
 2.0000000000000000e+01
 1.3000000000000000e+01
 1.0000000000000000e+01
 2.1000000000000000e+01
 1.9000000000000000e+01
 1.7000000000000000e+01
 1.7000000000000000e+01
 2.3000000000000000e+01
 1.9000000000000000e+01
 9.0000000000000000e+00
 1.3000000000000000e+01
 1.5000000000000000e+01
 2.3000000000000000e+01
 1.5000000000000000e+01
 1.7000000000000000e+01
 1.6000000000000000e+01
 1.4000000000000000e+01
 9.0000000000000000e+00
 1.2000000000000000e+01
 1.5000000000000000e+01
 1.1000000000000000e+01
 1.5000000000000000e+01
 1.3000000000000000e+01
 6.0000000000000000e+00
 1.5000000000000000e+01
 1.9000000000000000e+01
 1.2000000000000000e+01
 1.2000000000000000e+01
 1.3000000000000000e+01
 8.0000000000000000e+00
 1.0000000000000000e+01
 8.0000000000000000e+00
 8.0000000000000000e+00
 1.1000000000000000e+01
 8.0000000000000000e+00
 1.2000000000000000e+01
 8.0000000000000000e+00
 1.3000000000000000e+01
 9.0000000000000000e+00
 1.0000000000000000e+01
 9.0000000000000000e+00
 1.4000000000000000e+01
 1.2000000000000000e+01
 8.0000000000000000e+00
 7.0000000000000000e+00
 8.0000000000000000e+00
 1.2000000000000000e+01
 9.0000000000000000e+00
 8.0000000000000000e+00
 1.1000000000000000e+01
 8.0000000000000000e+00
 9.0000000000000000e+00
 7.0000000000000000e+00
 9.0000000000000000e+00
 1.0000000000000000e+01
 4.0000000000000000e+00
 2.0000000000000000e+00
 5.0000000000000000e+00
 7.0000000000000000e+00
 4.0000000000000000e+00
 7.0000000000000000e+00
 0.0000000000000000e+00
 7.0000000000000000e+00
 6.0000000000000000e+00
 1.0000000000000000e+01
 3.0000000000000000e+00
 2.0000000000000000e+00
 4.0000000000000000e+00
 6.0000000000000000e+00
 3.0000000000000000e+00
 8.0000000000000000e+00
 5.0000000000000000e+00
 2.0000000000000000e+00
 2.0000000000000000e+00
 4.0000000000000000e+00
 6.0000000000000000e+00
 3.0000000000000000e+00
 3.0000000000000000e+00
 4.0000000000000000e+00
 5.0000000000000000e+00
 3.0000000000000000e+00
 5.0000000000000000e+00
 2.0000000000000000e+00
 6.0000000000000000e+00
 5.0000000000000000e+00
 0.0000000000000000e+00
 1.0000000000000000e+00
 4.0000000000000000e+00
 1.0000000000000000e+00
 3.0000000000000000e+00
 3.0000000000000000e+00
 5.0000000000000000e+00
 3.0000000000000000e+00
 4.0000000000000000e+00
 2.0000000000000000e+00
 4.0000000000000000e+00
 2.0000000000000000e+00
 2.0000000000000000e+00
 7.0000000000000000e+00
 1.0000000000000000e+00
 2.0000000000000000e+00
 1.0000000000000000e+00
 2.0000000000000000e+00
 2.0000000000000000e+00
 1.0000000000000000e+00
 1.0000000000000000e+00
 4.0000000000000000e+00
 2.0000000000000000e+00
 0.0000000000000000e+00
 0.0000000000000000e+00
 1.0000000000000000e+00
 5.0000000000000000e+00
 1.0000000000000000e+00
 0.0000000000000000e+00
 2.0000000000000000e+00
 1.0000000000000000e+00
 1.0000000000000000e+00
 0.0000000000000000e+00
 2.0000000000000000e+00
 1.0000000000000000e+00
 0.0000000000000000e+00
 0.0000000000000000e+00
 3.0000000000000000e+00
 1.0000000000000000e+00
 0.0000000000000000e+00
 0.0000000000000000e+00
 0.0000000000000000e+00
 0.0000000000000000e+00
 1.0000000000000000e+00
 1.0000000000000000e+00
 1.0000000000000000e+00
 1.0000000000000000e+00
 0.0000000000000000e+00
 1.0000000000000000e+00
 0.0000000000000000e+00
 0.0000000000000000e+00
 0.0000000000000000e+00
 0.0000000000000000e+00
 0.0000000000000000e+00
 0.0000000000000000e+00
 0.0000000000000000e+00
 0.0000000000000000e+00
 1.0000000000000000e+00
 0.0000000000000000e+00
 2.0000000000000000e+00
 0.0000000000000000e+00
 1.0000000000000000e+00
 0.0000000000000000e+00
 1.0000000000000000e+00
 0.0000000000000000e+00
 0.0000000000000000e+00
 0.0000000000000000e+00
 0.0000000000000000e+00
 0.0000000000000000e+00
 0.0000000000000000e+00
 0.0000000000000000e+00
 0.0000000000000000e+00
 0.0000000000000000e+00
 0.0000000000000000e+00
 0.0000000000000000e+00
 0.0000000000000000e+00
 0.0000000000000000e+00
 1.0000000000000000e+00
 0.0000000000000000e+00
 0.0000000000000000e+00
 0.0000000000000000e+00
 1.0000000000000000e+00
 0.0000000000000000e+00
 0.0000000000000000e+00
# name: Vect_Pfa
# type: matrix
# rows: 500
# columns: 1
 9.9999999999999978e-01
 9.9979999999999980e-01
 9.9979999999999980e-01
 9.9979999999999980e-01
 9.9979999999999980e-01
 9.9979999999999980e-01
 9.9979999999999980e-01
 9.9959999999999982e-01
 9.9959999999999982e-01
 9.9939999999999984e-01
 9.9939999999999984e-01
 9.9939999999999984e-01
 9.9939999999999984e-01
 9.9919999999999987e-01
 9.9919999999999987e-01
 9.9919999999999987e-01
 9.9919999999999987e-01
 9.9879999999999991e-01
 9.9879999999999991e-01
 9.9859999999999993e-01
 9.9839999999999995e-01
 9.9819999999999998e-01
 9.9819999999999998e-01
 9.9780000000000002e-01
 9.9740000000000006e-01
 9.9700000000000011e-01
 9.9640000000000006e-01
 9.9620000000000009e-01
 9.9540000000000006e-01
 9.9520000000000008e-01
 9.9480000000000013e-01
 9.9400000000000011e-01
 9.9340000000000006e-01
 9.9320000000000008e-01
 9.9320000000000008e-01
 9.9200000000000010e-01
 9.9140000000000006e-01
 9.9000000000000010e-01
 9.8880000000000012e-01
 9.8860000000000015e-01
 9.8820000000000019e-01
 9.8740000000000017e-01
 9.8600000000000021e-01
 9.8540000000000016e-01
 9.8460000000000014e-01
 9.8360000000000014e-01
 9.8240000000000016e-01
 9.8140000000000016e-01
 9.8040000000000016e-01
 9.7900000000000020e-01
 9.7740000000000016e-01
 9.7520000000000018e-01
 9.7320000000000018e-01
 9.7180000000000022e-01
 9.6900000000000019e-01
 9.6660000000000024e-01
 9.6360000000000023e-01
 9.6220000000000028e-01
 9.6040000000000025e-01
 9.5760000000000023e-01
 9.5440000000000025e-01
 9.5160000000000022e-01
 9.4860000000000022e-01
 9.4580000000000020e-01
 9.4340000000000024e-01
 9.3940000000000023e-01
 9.3480000000000019e-01
 9.3180000000000018e-01
 9.2740000000000022e-01
 9.2140000000000022e-01
 9.1840000000000022e-01
 9.1340000000000021e-01
 9.0880000000000016e-01
 9.0260000000000018e-01
 8.9660000000000017e-01
 8.9040000000000019e-01
 8.8520000000000021e-01
 8.7880000000000025e-01
 8.7240000000000029e-01
 8.6520000000000030e-01
 8.5880000000000034e-01
 8.5200000000000031e-01
 8.4360000000000035e-01
 8.3700000000000030e-01
 8.2960000000000034e-01
 8.2100000000000029e-01
 8.1240000000000023e-01
 8.0480000000000018e-01
 7.9660000000000020e-01
 7.9100000000000015e-01
 7.8320000000000012e-01
 7.7500000000000013e-01
 7.6400000000000012e-01
 7.5540000000000007e-01
 7.4780000000000002e-01
 7.3980000000000001e-01
 7.2960000000000003e-01
 7.1779999999999999e-01
 7.0679999999999998e-01
 6.9660000000000000e-01
 6.8799999999999994e-01
 6.7759999999999998e-01
 6.6720000000000002e-01
 6.5939999999999999e-01
 6.4839999999999998e-01
 6.3500000000000001e-01
 6.2340000000000007e-01
 6.1380000000000001e-01
 6.0299999999999998e-01
 5.9379999999999999e-01
 5.8319999999999994e-01
 5.7159999999999989e-01
 5.6019999999999992e-01
 5.5119999999999991e-01
 5.4119999999999990e-01
 5.3339999999999987e-01
 5.2499999999999991e-01
 5.1799999999999990e-01
 5.0959999999999994e-01
 4.9859999999999993e-01
 4.8659999999999992e-01
 4.7859999999999991e-01
 4.6699999999999992e-01
 4.5619999999999994e-01
 4.4879999999999992e-01
 4.3819999999999992e-01
 4.2699999999999994e-01
 4.1659999999999991e-01
 4.0659999999999991e-01
 3.9559999999999990e-01
 3.8599999999999990e-01
 3.7539999999999990e-01
 3.6579999999999990e-01
 3.5759999999999992e-01
 3.4839999999999993e-01
 3.4099999999999991e-01
 3.3219999999999994e-01
 3.2519999999999993e-01
 3.1719999999999993e-01
 3.0819999999999992e-01
 2.9859999999999992e-01
 2.8899999999999992e-01
 2.7779999999999994e-01
 2.6979999999999993e-01
 2.6079999999999992e-01
 2.5499999999999995e-01
 2.4739999999999993e-01
 2.4039999999999992e-01
 2.3359999999999992e-01
 2.2659999999999991e-01
 2.2039999999999990e-01
 2.1279999999999991e-01
 2.0639999999999992e-01
 1.9919999999999990e-01
 1.9039999999999990e-01
 1.8459999999999990e-01
 1.7879999999999990e-01
 1.7239999999999991e-01
 1.6639999999999991e-01
 1.6099999999999992e-01
 1.5459999999999993e-01
 1.4779999999999993e-01
 1.4439999999999995e-01
 1.3999999999999996e-01
 1.3359999999999997e-01
 1.3059999999999997e-01
 1.2519999999999998e-01
 1.2059999999999997e-01
 1.1639999999999998e-01
 1.1159999999999998e-01
 1.0599999999999998e-01
 1.0279999999999999e-01
 9.8999999999999991e-02
 9.4799999999999995e-02
 9.0600000000000000e-02
 8.7599999999999997e-02
 8.3400000000000002e-02
 7.9600000000000004e-02
 7.5600000000000001e-02
 7.2599999999999998e-02
 7.0199999999999999e-02
 6.8000000000000005e-02
 6.6000000000000003e-02
 6.2600000000000003e-02
 6.0000000000000005e-02
 5.7000000000000002e-02
 5.5600000000000004e-02
 5.2600000000000001e-02
 5.0799999999999998e-02
 4.6399999999999997e-02
 4.4999999999999998e-02
 4.1999999999999996e-02
 4.0399999999999998e-02
 3.8199999999999998e-02
 3.6199999999999996e-02
 3.4799999999999998e-02
 3.3200000000000000e-02
 3.2199999999999999e-02
 3.0800000000000001e-02
 2.9400000000000003e-02
 2.9000000000000001e-02
 2.8200000000000003e-02
 2.7600000000000003e-02
 2.6000000000000002e-02
 2.4800000000000003e-02
 2.3600000000000003e-02
 2.1400000000000002e-02
 2.0000000000000004e-02
 1.9200000000000005e-02
 1.8000000000000006e-02
 1.7600000000000005e-02
 1.6600000000000004e-02
 1.5600000000000003e-02
 1.5000000000000003e-02
 1.4600000000000004e-02
 1.3800000000000003e-02
 1.2600000000000004e-02
 1.2200000000000004e-02
 1.1600000000000004e-02
 1.1400000000000004e-02
 1.0600000000000004e-02
 1.0400000000000003e-02
 1.0200000000000002e-02
 1.0000000000000002e-02
 9.0000000000000011e-03
 9.0000000000000011e-03
 8.0000000000000019e-03
 7.2000000000000015e-03
 7.2000000000000015e-03
 6.6000000000000017e-03
 5.8000000000000013e-03
 5.8000000000000013e-03
 5.4000000000000012e-03
 5.0000000000000010e-03
 4.6000000000000008e-03
 4.4000000000000011e-03
 4.2000000000000015e-03
 4.2000000000000015e-03
 4.2000000000000015e-03
 4.2000000000000015e-03
 3.8000000000000013e-03
 3.4000000000000011e-03
 3.2000000000000010e-03
 3.0000000000000009e-03
 2.8000000000000008e-03
 2.4000000000000007e-03
 2.4000000000000007e-03
 2.2000000000000006e-03
 2.2000000000000006e-03
 1.8000000000000004e-03
 1.8000000000000004e-03
 1.8000000000000004e-03
 1.8000000000000004e-03
 1.8000000000000004e-03
 1.6000000000000003e-03
 1.6000000000000003e-03
 1.6000000000000003e-03
 1.6000000000000003e-03
 1.4000000000000002e-03
 1.4000000000000002e-03
 1.4000000000000002e-03
 1.4000000000000002e-03
 1.2000000000000001e-03
 1.2000000000000001e-03
 1.2000000000000001e-03
 8.0000000000000004e-04
 8.0000000000000004e-04
 8.0000000000000004e-04
 8.0000000000000004e-04
 8.0000000000000004e-04
 8.0000000000000004e-04
 8.0000000000000004e-04
 8.0000000000000004e-04
 8.0000000000000004e-04
 8.0000000000000004e-04
 8.0000000000000004e-04
 8.0000000000000004e-04
 6.0000000000000006e-04
 4.0000000000000002e-04
 2.0000000000000001e-04
 2.0000000000000001e-04
 2.0000000000000001e-04
 2.0000000000000001e-04
 2.0000000000000001e-04
 2.0000000000000001e-04
 2.0000000000000001e-04
 2.0000000000000001e-04
 2.0000000000000001e-04
 2.0000000000000001e-04
 0.0000000000000000e+00
 0.0000000000000000e+00
 0.0000000000000000e+00
 0.0000000000000000e+00
 0.0000000000000000e+00
 0.0000000000000000e+00
 0.0000000000000000e+00
 0.0000000000000000e+00
 0.0000000000000000e+00
 0.0000000000000000e+00
 0.0000000000000000e+00
 0.0000000000000000e+00
 0.0000000000000000e+00
 0.0000000000000000e+00
 0.0000000000000000e+00
 0.0000000000000000e+00
 0.0000000000000000e+00
 0.0000000000000000e+00
 0.0000000000000000e+00
 0.0000000000000000e+00
 0.0000000000000000e+00
 0.0000000000000000e+00
 0.0000000000000000e+00
 0.0000000000000000e+00
 0.0000000000000000e+00
 0.0000000000000000e+00
 0.0000000000000000e+00
 0.0000000000000000e+00
 0.0000000000000000e+00
 0.0000000000000000e+00
 0.0000000000000000e+00
 0.0000000000000000e+00
 0.0000000000000000e+00
 0.0000000000000000e+00
 0.0000000000000000e+00
 0.0000000000000000e+00
 0.0000000000000000e+00
 0.0000000000000000e+00
 0.0000000000000000e+00
 0.0000000000000000e+00
 0.0000000000000000e+00
 0.0000000000000000e+00
 0.0000000000000000e+00
 0.0000000000000000e+00
 0.0000000000000000e+00
 0.0000000000000000e+00
 0.0000000000000000e+00
 0.0000000000000000e+00
 0.0000000000000000e+00
 0.0000000000000000e+00
 0.0000000000000000e+00
 0.0000000000000000e+00
 0.0000000000000000e+00
 0.0000000000000000e+00
 0.0000000000000000e+00
 0.0000000000000000e+00
 0.0000000000000000e+00
 0.0000000000000000e+00
 0.0000000000000000e+00
 0.0000000000000000e+00
 0.0000000000000000e+00
 0.0000000000000000e+00
 0.0000000000000000e+00
 0.0000000000000000e+00
 0.0000000000000000e+00
 0.0000000000000000e+00
 0.0000000000000000e+00
 0.0000000000000000e+00
 0.0000000000000000e+00
 0.0000000000000000e+00
 0.0000000000000000e+00
 0.0000000000000000e+00
 0.0000000000000000e+00
 0.0000000000000000e+00
 0.0000000000000000e+00
 0.0000000000000000e+00
 0.0000000000000000e+00
 0.0000000000000000e+00
 0.0000000000000000e+00
 0.0000000000000000e+00
 0.0000000000000000e+00
 0.0000000000000000e+00
 0.0000000000000000e+00
 0.0000000000000000e+00
 0.0000000000000000e+00
 0.0000000000000000e+00
 0.0000000000000000e+00
 0.0000000000000000e+00
 0.0000000000000000e+00
 0.0000000000000000e+00
 0.0000000000000000e+00
 0.0000000000000000e+00
 0.0000000000000000e+00
 0.0000000000000000e+00
 0.0000000000000000e+00
 0.0000000000000000e+00
 0.0000000000000000e+00
 0.0000000000000000e+00
 0.0000000000000000e+00
 0.0000000000000000e+00
 0.0000000000000000e+00
 0.0000000000000000e+00
 0.0000000000000000e+00
 0.0000000000000000e+00
 0.0000000000000000e+00
 0.0000000000000000e+00
 0.0000000000000000e+00
 0.0000000000000000e+00
 0.0000000000000000e+00
 0.0000000000000000e+00
 0.0000000000000000e+00
 0.0000000000000000e+00
 0.0000000000000000e+00
 0.0000000000000000e+00
 0.0000000000000000e+00
 0.0000000000000000e+00
 0.0000000000000000e+00
 0.0000000000000000e+00
 0.0000000000000000e+00
 0.0000000000000000e+00
 0.0000000000000000e+00
 0.0000000000000000e+00
 0.0000000000000000e+00
 0.0000000000000000e+00
 0.0000000000000000e+00
 0.0000000000000000e+00
 0.0000000000000000e+00
 0.0000000000000000e+00
 0.0000000000000000e+00
 0.0000000000000000e+00
 0.0000000000000000e+00
 0.0000000000000000e+00
 0.0000000000000000e+00
 0.0000000000000000e+00
 0.0000000000000000e+00
 0.0000000000000000e+00
 0.0000000000000000e+00
 0.0000000000000000e+00
 0.0000000000000000e+00
 0.0000000000000000e+00
 0.0000000000000000e+00
 0.0000000000000000e+00
 0.0000000000000000e+00
 0.0000000000000000e+00
 0.0000000000000000e+00
 0.0000000000000000e+00
 0.0000000000000000e+00
 0.0000000000000000e+00
 0.0000000000000000e+00
 0.0000000000000000e+00
 0.0000000000000000e+00
 0.0000000000000000e+00
 0.0000000000000000e+00
 0.0000000000000000e+00
 0.0000000000000000e+00
 0.0000000000000000e+00
 0.0000000000000000e+00
 0.0000000000000000e+00
 0.0000000000000000e+00
 0.0000000000000000e+00
 0.0000000000000000e+00
 0.0000000000000000e+00
 0.0000000000000000e+00
 0.0000000000000000e+00
 0.0000000000000000e+00
 0.0000000000000000e+00
 0.0000000000000000e+00
 0.0000000000000000e+00
 0.0000000000000000e+00
 0.0000000000000000e+00
 0.0000000000000000e+00
 0.0000000000000000e+00
 0.0000000000000000e+00
 0.0000000000000000e+00
 0.0000000000000000e+00
 0.0000000000000000e+00
 0.0000000000000000e+00
 0.0000000000000000e+00
 0.0000000000000000e+00
 0.0000000000000000e+00
 0.0000000000000000e+00
 0.0000000000000000e+00
 0.0000000000000000e+00
 0.0000000000000000e+00
 0.0000000000000000e+00
 0.0000000000000000e+00
 0.0000000000000000e+00
 0.0000000000000000e+00
 0.0000000000000000e+00
 0.0000000000000000e+00
 0.0000000000000000e+00
 0.0000000000000000e+00
 0.0000000000000000e+00
 0.0000000000000000e+00
 0.0000000000000000e+00
 0.0000000000000000e+00
 0.0000000000000000e+00
 0.0000000000000000e+00
 0.0000000000000000e+00
 0.0000000000000000e+00
 0.0000000000000000e+00
 0.0000000000000000e+00
 0.0000000000000000e+00
 0.0000000000000000e+00
 0.0000000000000000e+00
 0.0000000000000000e+00
 0.0000000000000000e+00
 0.0000000000000000e+00
 0.0000000000000000e+00
 0.0000000000000000e+00
 0.0000000000000000e+00
# name: Vect_Pd
# type: matrix
# rows: 500
# columns: 1
 9.9980000000000024e-01
 9.9980000000000024e-01
 9.9980000000000024e-01
 9.9980000000000024e-01
 9.9980000000000024e-01
 9.9980000000000024e-01
 9.9980000000000024e-01
 9.9980000000000024e-01
 9.9980000000000024e-01
 9.9980000000000024e-01
 9.9980000000000024e-01
 9.9980000000000024e-01
 9.9980000000000024e-01
 9.9980000000000024e-01
 9.9980000000000024e-01
 9.9980000000000024e-01
 9.9980000000000024e-01
 9.9980000000000024e-01
 9.9980000000000024e-01
 9.9980000000000024e-01
 9.9980000000000024e-01
 9.9980000000000024e-01
 9.9980000000000024e-01
 9.9980000000000024e-01
 9.9980000000000024e-01
 9.9980000000000024e-01
 9.9980000000000024e-01
 9.9980000000000024e-01
 9.9980000000000024e-01
 9.9980000000000024e-01
 9.9980000000000024e-01
 9.9980000000000024e-01
 9.9980000000000024e-01
 9.9980000000000024e-01
 9.9980000000000024e-01
 9.9980000000000024e-01
 9.9980000000000024e-01
 9.9980000000000024e-01
 9.9980000000000024e-01
 9.9980000000000024e-01
 9.9980000000000024e-01
 9.9980000000000024e-01
 9.9980000000000024e-01
 9.9980000000000024e-01
 9.9980000000000024e-01
 9.9980000000000024e-01
 9.9980000000000024e-01
 9.9980000000000024e-01
 9.9980000000000024e-01
 9.9980000000000024e-01
 9.9980000000000024e-01
 9.9980000000000024e-01
 9.9980000000000024e-01
 9.9980000000000024e-01
 9.9980000000000024e-01
 9.9980000000000024e-01
 9.9980000000000024e-01
 9.9980000000000024e-01
 9.9980000000000024e-01
 9.9980000000000024e-01
 9.9980000000000024e-01
 9.9980000000000024e-01
 9.9980000000000024e-01
 9.9980000000000024e-01
 9.9980000000000024e-01
 9.9980000000000024e-01
 9.9980000000000024e-01
 9.9980000000000024e-01
 9.9980000000000024e-01
 9.9980000000000024e-01
 9.9980000000000024e-01
 9.9980000000000024e-01
 9.9980000000000024e-01
 9.9980000000000024e-01
 9.9980000000000024e-01
 9.9980000000000024e-01
 9.9980000000000024e-01
 9.9980000000000024e-01
 9.9980000000000024e-01
 9.9980000000000024e-01
 9.9980000000000024e-01
 9.9980000000000024e-01
 9.9980000000000024e-01
 9.9980000000000024e-01
 9.9980000000000024e-01
 9.9980000000000024e-01
 9.9980000000000024e-01
 9.9980000000000024e-01
 9.9980000000000024e-01
 9.9980000000000024e-01
 9.9980000000000024e-01
 9.9980000000000024e-01
 9.9960000000000027e-01
 9.9960000000000027e-01
 9.9960000000000027e-01
 9.9960000000000027e-01
 9.9940000000000029e-01
 9.9940000000000029e-01
 9.9940000000000029e-01
 9.9920000000000031e-01
 9.9920000000000031e-01
 9.9920000000000031e-01
 9.9920000000000031e-01
 9.9920000000000031e-01
 9.9920000000000031e-01
 9.9920000000000031e-01
 9.9920000000000031e-01
 9.9920000000000031e-01
 9.9900000000000033e-01
 9.9900000000000033e-01
 9.9900000000000033e-01
 9.9900000000000033e-01
 9.9900000000000033e-01
 9.9880000000000035e-01
 9.9880000000000035e-01
 9.9880000000000035e-01
 9.9880000000000035e-01
 9.9840000000000040e-01
 9.9840000000000040e-01
 9.9840000000000040e-01
 9.9840000000000040e-01
 9.9840000000000040e-01
 9.9800000000000044e-01
 9.9800000000000044e-01
 9.9800000000000044e-01
 9.9800000000000044e-01
 9.9780000000000046e-01
 9.9780000000000046e-01
 9.9760000000000049e-01
 9.9740000000000051e-01
 9.9700000000000055e-01
 9.9660000000000060e-01
 9.9560000000000060e-01
 9.9560000000000060e-01
 9.9500000000000055e-01
 9.9440000000000051e-01
 9.9420000000000053e-01
 9.9400000000000055e-01
 9.9400000000000055e-01
 9.9380000000000057e-01
 9.9340000000000062e-01
 9.9320000000000064e-01
 9.9300000000000066e-01
 9.9240000000000061e-01
 9.9180000000000057e-01
 9.9140000000000061e-01
 9.9100000000000066e-01
 9.9020000000000064e-01
 9.8940000000000061e-01
 9.8860000000000059e-01
 9.8780000000000057e-01
 9.8720000000000052e-01
 9.8600000000000054e-01
 9.8480000000000056e-01
 9.8340000000000061e-01
 9.8260000000000058e-01
 9.8180000000000056e-01
 9.8080000000000056e-01
 9.7960000000000058e-01
 9.7880000000000056e-01
 9.7720000000000051e-01
 9.7600000000000053e-01
 9.7500000000000053e-01
 9.7220000000000051e-01
 9.7120000000000051e-01
 9.6960000000000046e-01
 9.6800000000000042e-01
 9.6680000000000044e-01
 9.6640000000000048e-01
 9.6460000000000046e-01
 9.6280000000000043e-01
 9.6160000000000045e-01
 9.6020000000000050e-01
 9.5720000000000049e-01
 9.5620000000000049e-01
 9.5560000000000045e-01
 9.5400000000000040e-01
 9.5100000000000040e-01
 9.4920000000000038e-01
 9.4740000000000035e-01
 9.4560000000000033e-01
 9.4240000000000035e-01
 9.4000000000000039e-01
 9.3860000000000043e-01
 9.3680000000000041e-01
 9.3420000000000036e-01
 9.3140000000000034e-01
 9.2920000000000036e-01
 9.2680000000000040e-01
 9.2460000000000042e-01
 9.2220000000000046e-01
 9.1900000000000048e-01
 9.1580000000000050e-01
 9.1240000000000054e-01
 9.0840000000000054e-01
 9.0520000000000056e-01
 9.0120000000000056e-01
 8.9760000000000051e-01
 8.9460000000000051e-01
 8.9140000000000053e-01
 8.8680000000000048e-01
 8.8180000000000047e-01
 8.7880000000000047e-01
 8.7660000000000049e-01
 8.7300000000000044e-01
 8.6900000000000044e-01
 8.6560000000000048e-01
 8.6160000000000048e-01
 8.5720000000000052e-01
 8.5400000000000054e-01
 8.5040000000000049e-01
 8.4780000000000044e-01
 8.4240000000000048e-01
 8.3680000000000043e-01
 8.3220000000000038e-01
 8.2700000000000040e-01
 8.2380000000000042e-01
 8.1840000000000046e-01
 8.1300000000000050e-01
 8.0800000000000050e-01
 8.0300000000000049e-01
 7.9740000000000044e-01
 7.9280000000000039e-01
 7.8740000000000043e-01
 7.8240000000000043e-01
 7.7780000000000038e-01
 7.7320000000000033e-01
 7.6640000000000030e-01
 7.5920000000000032e-01
 7.5360000000000027e-01
 7.4760000000000026e-01
 7.4320000000000030e-01
 7.3780000000000034e-01
 7.3220000000000030e-01
 7.2780000000000034e-01
 7.2200000000000031e-01
 7.1720000000000028e-01
 7.1140000000000025e-01
 7.0640000000000025e-01
 7.0060000000000022e-01
 6.9420000000000026e-01
 6.8820000000000026e-01
 6.8040000000000023e-01
 6.7360000000000020e-01
 6.6880000000000017e-01
 6.6420000000000012e-01
 6.5920000000000012e-01
 6.5280000000000016e-01
 6.4680000000000015e-01
 6.4080000000000015e-01
 6.3460000000000016e-01
 6.2940000000000018e-01
 6.2480000000000013e-01
 6.1800000000000010e-01
 6.1400000000000010e-01
 6.0820000000000007e-01
 6.0200000000000009e-01
 5.9220000000000006e-01
 5.8520000000000005e-01
 5.7800000000000007e-01
 5.7040000000000002e-01
 5.6359999999999999e-01
 5.5740000000000001e-01
 5.5279999999999996e-01
 5.4740000000000000e-01
 5.4020000000000001e-01
 5.3320000000000001e-01
 5.2600000000000002e-01
 5.1819999999999999e-01
 5.1259999999999994e-01
 5.0619999999999998e-01
 5.0000000000000000e-01
 4.9459999999999998e-01
 4.8819999999999997e-01
 4.8179999999999995e-01
 4.7399999999999998e-01
 4.6739999999999998e-01
 4.5820000000000000e-01
 4.5079999999999998e-01
 4.4259999999999999e-01
 4.3359999999999999e-01
 4.2759999999999998e-01
 4.2140000000000000e-01
 4.1639999999999999e-01
 4.0999999999999998e-01
 4.0320000000000000e-01
 3.9740000000000003e-01
 3.9180000000000004e-01
 3.8600000000000001e-01
 3.7980000000000003e-01
 3.7600000000000000e-01
 3.6940000000000001e-01
 3.6520000000000002e-01
 3.5860000000000003e-01
 3.5440000000000005e-01
 3.4880000000000005e-01
 3.4140000000000004e-01
 3.3540000000000003e-01
 3.2960000000000000e-01
 3.2600000000000001e-01
 3.1900000000000001e-01
 3.1359999999999999e-01
 3.0979999999999996e-01
 3.0419999999999997e-01
 2.9999999999999999e-01
 2.9380000000000001e-01
 2.8880000000000000e-01
 2.8360000000000002e-01
 2.7879999999999999e-01
 2.7520000000000000e-01
 2.7120000000000000e-01
 2.6719999999999999e-01
 2.6160000000000000e-01
 2.5619999999999998e-01
 2.5079999999999997e-01
 2.4639999999999995e-01
 2.4219999999999994e-01
 2.3519999999999994e-01
 2.3099999999999993e-01
 2.2739999999999994e-01
 2.2199999999999995e-01
 2.1839999999999996e-01
 2.1499999999999997e-01
 2.0979999999999996e-01
 2.0599999999999996e-01
 2.0299999999999996e-01
 1.9959999999999997e-01
 1.9599999999999998e-01
 1.9239999999999999e-01
 1.8839999999999998e-01
 1.8400000000000000e-01
 1.7979999999999999e-01
 1.7579999999999998e-01
 1.7319999999999999e-01
 1.7119999999999999e-01
 1.6699999999999998e-01
 1.6319999999999998e-01
 1.5980000000000000e-01
 1.5640000000000001e-01
 1.5180000000000002e-01
 1.4800000000000002e-01
 1.4620000000000002e-01
 1.4360000000000003e-01
 1.4060000000000003e-01
 1.3600000000000004e-01
 1.3300000000000003e-01
 1.2960000000000005e-01
 1.2640000000000004e-01
 1.2360000000000003e-01
 1.2180000000000003e-01
 1.1940000000000003e-01
 1.1640000000000003e-01
 1.1420000000000004e-01
 1.1120000000000003e-01
 1.0860000000000003e-01
 1.0740000000000002e-01
 1.0440000000000002e-01
 1.0060000000000002e-01
 9.8200000000000023e-02
 9.5800000000000024e-02
 9.3200000000000019e-02
 9.1600000000000015e-02
 8.9600000000000013e-02
 8.8000000000000009e-02
 8.6400000000000005e-02
 8.4200000000000011e-02
 8.2600000000000007e-02
 8.0200000000000007e-02
 7.8600000000000003e-02
 7.5999999999999998e-02
 7.4200000000000002e-02
 7.2200000000000000e-02
 7.0400000000000004e-02
 6.7600000000000007e-02
 6.5200000000000008e-02
 6.3600000000000004e-02
 6.2200000000000005e-02
 6.0600000000000008e-02
 5.8200000000000009e-02
 5.6400000000000006e-02
 5.4800000000000008e-02
 5.2600000000000008e-02
 5.1000000000000011e-02
 4.9200000000000008e-02
 4.7800000000000009e-02
 4.6000000000000006e-02
 4.4000000000000004e-02
 4.3200000000000002e-02
 4.2800000000000005e-02
 4.1800000000000004e-02
 4.0400000000000005e-02
 3.9600000000000003e-02
 3.8200000000000005e-02
 3.8200000000000005e-02
 3.6800000000000006e-02
 3.5600000000000007e-02
 3.3600000000000005e-02
 3.3000000000000002e-02
 3.2600000000000004e-02
 3.1800000000000002e-02
 3.0599999999999999e-02
 2.9999999999999999e-02
 2.8399999999999998e-02
 2.7399999999999997e-02
 2.6999999999999996e-02
 2.6599999999999995e-02
 2.5799999999999997e-02
 2.4599999999999997e-02
 2.3999999999999997e-02
 2.3399999999999997e-02
 2.2599999999999999e-02
 2.1599999999999998e-02
 2.0999999999999998e-02
 1.9999999999999997e-02
 1.9599999999999996e-02
 1.8399999999999996e-02
 1.7399999999999995e-02
 1.7399999999999995e-02
 1.7199999999999997e-02
 1.6399999999999998e-02
 1.6199999999999999e-02
 1.5599999999999999e-02
 1.4999999999999999e-02
 1.3999999999999999e-02
 1.3399999999999999e-02
 1.2599999999999998e-02
 1.2199999999999999e-02
 1.1399999999999999e-02
 1.0999999999999999e-02
 1.0600000000000000e-02
 9.1999999999999998e-03
 8.9999999999999993e-03
 8.6000000000000000e-03
 8.3999999999999995e-03
 8.0000000000000002e-03
 7.6000000000000000e-03
 7.4000000000000003e-03
 7.2000000000000007e-03
 6.4000000000000003e-03
 6.0000000000000001e-03
 6.0000000000000001e-03
 6.0000000000000001e-03
 5.8000000000000005e-03
 4.8000000000000004e-03
 4.6000000000000008e-03
 4.6000000000000008e-03
 4.2000000000000006e-03
 4.0000000000000010e-03
 3.8000000000000009e-03
 3.8000000000000009e-03
 3.4000000000000007e-03
 3.2000000000000006e-03
 3.2000000000000006e-03
 3.2000000000000006e-03
 2.6000000000000007e-03
 2.4000000000000007e-03
 2.4000000000000007e-03
 2.4000000000000007e-03
 2.4000000000000007e-03
 2.4000000000000007e-03
 2.2000000000000006e-03
 2.0000000000000005e-03
 1.8000000000000004e-03
 1.6000000000000003e-03
 1.6000000000000003e-03
 1.4000000000000002e-03
 1.4000000000000002e-03
 1.4000000000000002e-03
 1.4000000000000002e-03
 1.4000000000000002e-03
 1.4000000000000002e-03
 1.4000000000000002e-03
 1.4000000000000002e-03
 1.4000000000000002e-03
 1.2000000000000001e-03
 1.2000000000000001e-03
 8.0000000000000004e-04
 8.0000000000000004e-04
 6.0000000000000006e-04
 6.0000000000000006e-04
 4.0000000000000002e-04
 4.0000000000000002e-04
 4.0000000000000002e-04
 4.0000000000000002e-04
 4.0000000000000002e-04
 4.0000000000000002e-04
 4.0000000000000002e-04
 4.0000000000000002e-04
 4.0000000000000002e-04
 4.0000000000000002e-04
 4.0000000000000002e-04
 4.0000000000000002e-04
 4.0000000000000002e-04
 4.0000000000000002e-04
 2.0000000000000001e-04
 2.0000000000000001e-04
 2.0000000000000001e-04
 2.0000000000000001e-04
 0.0000000000000000e+00
 0.0000000000000000e+00
