# Created by Physics and Images Processing Group 
# name: Abs
# type: matrix
# rows: 100
# columns: 1
 4.3291950214552344e-03
 7.5118286038234150e-01
 1.4980365257432278e+00
 2.2448901911041141e+00
 2.9917438564650003e+00
 3.7385975218258864e+00
 4.4854511871867730e+00
 5.2323048525476592e+00
 5.9791585179085454e+00
 6.7260121832694315e+00
 7.4728658486303177e+00
 8.2197195139912047e+00
 8.9665731793520909e+00
 9.7134268447129770e+00
 1.0460280510073863e+01
 1.1207134175434749e+01
 1.1953987840795635e+01
 1.2700841506156522e+01
 1.3447695171517408e+01
 1.4194548836878294e+01
 1.4941402502239180e+01
 1.5688256167600066e+01
 1.6435109832960954e+01
 1.7181963498321839e+01
 1.7928817163682726e+01
 1.8675670829043611e+01
 1.9422524494404499e+01
 2.0169378159765383e+01
 2.0916231825126271e+01
 2.1663085490487155e+01
 2.2409939155848043e+01
 2.3156792821208928e+01
 2.3903646486569816e+01
 2.4650500151930704e+01
 2.5397353817291588e+01
 2.6144207482652476e+01
 2.6891061148013360e+01
 2.7637914813374248e+01
 2.8384768478735133e+01
 2.9131622144096021e+01
 2.9878475809456905e+01
 3.0625329474817793e+01
 3.1372183140178677e+01
 3.2119036805539565e+01
 3.2865890470900453e+01
 3.3612744136261334e+01
 3.4359597801622222e+01
 3.5106451466983110e+01
 3.5853305132343998e+01
 3.6600158797704886e+01
 3.7347012463065766e+01
 3.8093866128426654e+01
 3.8840719793787542e+01
 3.9587573459148430e+01
 4.0334427124509311e+01
 4.1081280789870199e+01
 4.1828134455231087e+01
 4.2574988120591975e+01
 4.3321841785952856e+01
 4.4068695451313744e+01
 4.4815549116674632e+01
 4.5562402782035520e+01
 4.6309256447396400e+01
 4.7056110112757288e+01
 4.7802963778118176e+01
 4.8549817443479064e+01
 4.9296671108839952e+01
 5.0043524774200833e+01
 5.0790378439561721e+01
 5.1537232104922609e+01
 5.2284085770283497e+01
 5.3030939435644378e+01
 5.3777793101005265e+01
 5.4524646766366153e+01
 5.5271500431727041e+01
 5.6018354097087922e+01
 5.6765207762448810e+01
 5.7512061427809698e+01
 5.8258915093170586e+01
 5.9005768758531467e+01
 5.9752622423892355e+01
 6.0499476089253243e+01
 6.1246329754614131e+01
 6.1993183419975018e+01
 6.2740037085335899e+01
 6.3486890750696787e+01
 6.4233744416057675e+01
 6.4980598081418563e+01
 6.5727451746779451e+01
 6.6474305412140339e+01
 6.7221159077501213e+01
 6.7968012742862101e+01
 6.8714866408222989e+01
 6.9461720073583876e+01
 7.0208573738944764e+01
 7.0955427404305652e+01
 7.1702281069666540e+01
 7.2449134735027428e+01
 7.3195988400388316e+01
 7.3942842065749190e+01
# name: Hist_H0
# type: matrix
# rows: 100
# columns: 1
 4.0800000000000000e+02
 1.9100000000000000e+02
 1.2700000000000000e+02
 8.4000000000000000e+01
 5.0000000000000000e+01
 3.8000000000000000e+01
 2.1000000000000000e+01
 1.8000000000000000e+01
 1.6000000000000000e+01
 1.3000000000000000e+01
 8.0000000000000000e+00
 8.0000000000000000e+00
 4.0000000000000000e+00
 4.0000000000000000e+00
 0.0000000000000000e+00
 0.0000000000000000e+00
 0.0000000000000000e+00
 3.0000000000000000e+00
 2.0000000000000000e+00
 1.0000000000000000e+00
 1.0000000000000000e+00
 0.0000000000000000e+00
 1.0000000000000000e+00
 0.0000000000000000e+00
 1.0000000000000000e+00
 0.0000000000000000e+00
 0.0000000000000000e+00
 0.0000000000000000e+00
 0.0000000000000000e+00
 0.0000000000000000e+00
 0.0000000000000000e+00
 0.0000000000000000e+00
 0.0000000000000000e+00
 0.0000000000000000e+00
 0.0000000000000000e+00
 0.0000000000000000e+00
 0.0000000000000000e+00
 0.0000000000000000e+00
 0.0000000000000000e+00
 1.0000000000000000e+00
 0.0000000000000000e+00
 0.0000000000000000e+00
 0.0000000000000000e+00
 0.0000000000000000e+00
 0.0000000000000000e+00
 0.0000000000000000e+00
 0.0000000000000000e+00
 0.0000000000000000e+00
 0.0000000000000000e+00
 0.0000000000000000e+00
 0.0000000000000000e+00
 0.0000000000000000e+00
 0.0000000000000000e+00
 0.0000000000000000e+00
 0.0000000000000000e+00
 0.0000000000000000e+00
 0.0000000000000000e+00
 0.0000000000000000e+00
 0.0000000000000000e+00
 0.0000000000000000e+00
 0.0000000000000000e+00
 0.0000000000000000e+00
 0.0000000000000000e+00
 0.0000000000000000e+00
 0.0000000000000000e+00
 0.0000000000000000e+00
 0.0000000000000000e+00
 0.0000000000000000e+00
 0.0000000000000000e+00
 0.0000000000000000e+00
 0.0000000000000000e+00
 0.0000000000000000e+00
 0.0000000000000000e+00
 0.0000000000000000e+00
 0.0000000000000000e+00
 0.0000000000000000e+00
 0.0000000000000000e+00
 0.0000000000000000e+00
 0.0000000000000000e+00
 0.0000000000000000e+00
 0.0000000000000000e+00
 0.0000000000000000e+00
 0.0000000000000000e+00
 0.0000000000000000e+00
 0.0000000000000000e+00
 0.0000000000000000e+00
 0.0000000000000000e+00
 0.0000000000000000e+00
 0.0000000000000000e+00
 0.0000000000000000e+00
 0.0000000000000000e+00
 0.0000000000000000e+00
 0.0000000000000000e+00
 0.0000000000000000e+00
 0.0000000000000000e+00
 0.0000000000000000e+00
 0.0000000000000000e+00
 0.0000000000000000e+00
 0.0000000000000000e+00
 0.0000000000000000e+00
# name: Hist_H1
# type: matrix
# rows: 100
# columns: 1
 0.0000000000000000e+00
 0.0000000000000000e+00
 1.0000000000000000e+00
 7.0000000000000000e+00
 7.0000000000000000e+00
 5.0000000000000000e+00
 1.4000000000000000e+01
 1.9000000000000000e+01
 1.3000000000000000e+01
 1.8000000000000000e+01
 3.3000000000000000e+01
 1.9000000000000000e+01
 3.4000000000000000e+01
 2.3000000000000000e+01
 1.5000000000000000e+01
 2.7000000000000000e+01
 2.3000000000000000e+01
 2.5000000000000000e+01
 2.4000000000000000e+01
 3.6000000000000000e+01
 2.7000000000000000e+01
 3.1000000000000000e+01
 2.8000000000000000e+01
 2.1000000000000000e+01
 2.6000000000000000e+01
 2.2000000000000000e+01
 3.2000000000000000e+01
 2.6000000000000000e+01
 2.5000000000000000e+01
 2.4000000000000000e+01
 2.3000000000000000e+01
 2.6000000000000000e+01
 2.5000000000000000e+01
 1.5000000000000000e+01
 2.2000000000000000e+01
 2.3000000000000000e+01
 2.7000000000000000e+01
 1.8000000000000000e+01
 1.2000000000000000e+01
 1.6000000000000000e+01
 1.3000000000000000e+01
 1.7000000000000000e+01
 1.3000000000000000e+01
 9.0000000000000000e+00
 1.7000000000000000e+01
 1.0000000000000000e+01
 8.0000000000000000e+00
 9.0000000000000000e+00
 9.0000000000000000e+00
 7.0000000000000000e+00
 5.0000000000000000e+00
 1.2000000000000000e+01
 6.0000000000000000e+00
 2.0000000000000000e+00
 6.0000000000000000e+00
 2.0000000000000000e+00
 3.0000000000000000e+00
 4.0000000000000000e+00
 0.0000000000000000e+00
 4.0000000000000000e+00
 4.0000000000000000e+00
 2.0000000000000000e+00
 0.0000000000000000e+00
 5.0000000000000000e+00
 3.0000000000000000e+00
 1.0000000000000000e+00
 1.0000000000000000e+00
 1.0000000000000000e+00
 1.0000000000000000e+00
 1.0000000000000000e+00
 1.0000000000000000e+00
 1.0000000000000000e+00
 1.0000000000000000e+00
 0.0000000000000000e+00
 2.0000000000000000e+00
 2.0000000000000000e+00
 1.0000000000000000e+00
 0.0000000000000000e+00
 0.0000000000000000e+00
 1.0000000000000000e+00
 0.0000000000000000e+00
 0.0000000000000000e+00
 0.0000000000000000e+00
 0.0000000000000000e+00
 2.0000000000000000e+00
 0.0000000000000000e+00
 0.0000000000000000e+00
 0.0000000000000000e+00
 0.0000000000000000e+00
 0.0000000000000000e+00
 0.0000000000000000e+00
 1.0000000000000000e+00
 0.0000000000000000e+00
 0.0000000000000000e+00
 0.0000000000000000e+00
 0.0000000000000000e+00
 0.0000000000000000e+00
 0.0000000000000000e+00
 0.0000000000000000e+00
 0.0000000000000000e+00
# name: Vect_Pfa
# type: matrix
# rows: 100
# columns: 1
 1.0000000000000000e+00
 5.9200000000000008e-01
 4.0100000000000002e-01
 2.7400000000000002e-01
 1.9000000000000000e-01
 1.4000000000000001e-01
 1.0200000000000001e-01
 8.1000000000000003e-02
 6.3000000000000000e-02
 4.7000000000000000e-02
 3.4000000000000002e-02
 2.6000000000000002e-02
 1.8000000000000002e-02
 1.4000000000000000e-02
 1.0000000000000000e-02
 1.0000000000000000e-02
 1.0000000000000000e-02
 1.0000000000000000e-02
 7.0000000000000001e-03
 5.0000000000000001e-03
 4.0000000000000001e-03
 3.0000000000000001e-03
 3.0000000000000001e-03
 2.0000000000000000e-03
 2.0000000000000000e-03
 1.0000000000000000e-03
 1.0000000000000000e-03
 1.0000000000000000e-03
 1.0000000000000000e-03
 1.0000000000000000e-03
 1.0000000000000000e-03
 1.0000000000000000e-03
 1.0000000000000000e-03
 1.0000000000000000e-03
 1.0000000000000000e-03
 1.0000000000000000e-03
 1.0000000000000000e-03
 1.0000000000000000e-03
 1.0000000000000000e-03
 1.0000000000000000e-03
 0.0000000000000000e+00
 0.0000000000000000e+00
 0.0000000000000000e+00
 0.0000000000000000e+00
 0.0000000000000000e+00
 0.0000000000000000e+00
 0.0000000000000000e+00
 0.0000000000000000e+00
 0.0000000000000000e+00
 0.0000000000000000e+00
 0.0000000000000000e+00
 0.0000000000000000e+00
 0.0000000000000000e+00
 0.0000000000000000e+00
 0.0000000000000000e+00
 0.0000000000000000e+00
 0.0000000000000000e+00
 0.0000000000000000e+00
 0.0000000000000000e+00
 0.0000000000000000e+00
 0.0000000000000000e+00
 0.0000000000000000e+00
 0.0000000000000000e+00
 0.0000000000000000e+00
 0.0000000000000000e+00
 0.0000000000000000e+00
 0.0000000000000000e+00
 0.0000000000000000e+00
 0.0000000000000000e+00
 0.0000000000000000e+00
 0.0000000000000000e+00
 0.0000000000000000e+00
 0.0000000000000000e+00
 0.0000000000000000e+00
 0.0000000000000000e+00
 0.0000000000000000e+00
 0.0000000000000000e+00
 0.0000000000000000e+00
 0.0000000000000000e+00
 0.0000000000000000e+00
 0.0000000000000000e+00
 0.0000000000000000e+00
 0.0000000000000000e+00
 0.0000000000000000e+00
 0.0000000000000000e+00
 0.0000000000000000e+00
 0.0000000000000000e+00
 0.0000000000000000e+00
 0.0000000000000000e+00
 0.0000000000000000e+00
 0.0000000000000000e+00
 0.0000000000000000e+00
 0.0000000000000000e+00
 0.0000000000000000e+00
 0.0000000000000000e+00
 0.0000000000000000e+00
 0.0000000000000000e+00
 0.0000000000000000e+00
 0.0000000000000000e+00
 0.0000000000000000e+00
# name: Vect_Pd
# type: matrix
# rows: 100
# columns: 1
 9.9900000000000067e-01
 9.9900000000000067e-01
 9.9900000000000067e-01
 9.9800000000000066e-01
 9.9100000000000066e-01
 9.8400000000000065e-01
 9.7900000000000065e-01
 9.6500000000000064e-01
 9.4600000000000062e-01
 9.3300000000000061e-01
 9.1500000000000059e-01
 8.8200000000000056e-01
 8.6300000000000054e-01
 8.2900000000000051e-01
 8.0600000000000049e-01
 7.9100000000000048e-01
 7.6400000000000046e-01
 7.4100000000000044e-01
 7.1600000000000041e-01
 6.9200000000000039e-01
 6.5600000000000036e-01
 6.2900000000000034e-01
 5.9800000000000031e-01
 5.7000000000000028e-01
 5.4900000000000027e-01
 5.2300000000000024e-01
 5.0100000000000022e-01
 4.6900000000000025e-01
 4.4300000000000023e-01
 4.1800000000000020e-01
 3.9400000000000018e-01
 3.7100000000000016e-01
 3.4500000000000014e-01
 3.2000000000000012e-01
 3.0500000000000010e-01
 2.8300000000000008e-01
 2.6000000000000006e-01
 2.3300000000000007e-01
 2.1500000000000008e-01
 2.0300000000000007e-01
 1.8700000000000006e-01
 1.7400000000000004e-01
 1.5700000000000003e-01
 1.4400000000000002e-01
 1.3500000000000001e-01
 1.1800000000000001e-01
 1.0800000000000001e-01
 1.0000000000000001e-01
 9.1000000000000011e-02
 8.2000000000000017e-02
 7.5000000000000011e-02
 7.0000000000000007e-02
 5.8000000000000010e-02
 5.2000000000000011e-02
 5.0000000000000010e-02
 4.4000000000000011e-02
 4.2000000000000010e-02
 3.9000000000000007e-02
 3.5000000000000010e-02
 3.5000000000000010e-02
 3.1000000000000010e-02
 2.7000000000000010e-02
 2.5000000000000008e-02
 2.5000000000000008e-02
 2.0000000000000007e-02
 1.7000000000000008e-02
 1.6000000000000007e-02
 1.5000000000000006e-02
 1.4000000000000005e-02
 1.3000000000000005e-02
 1.2000000000000004e-02
 1.1000000000000003e-02
 1.0000000000000002e-02
 9.0000000000000011e-03
 9.0000000000000011e-03
 7.0000000000000001e-03
 5.0000000000000001e-03
 4.0000000000000001e-03
 4.0000000000000001e-03
 4.0000000000000001e-03
 3.0000000000000001e-03
 3.0000000000000001e-03
 3.0000000000000001e-03
 3.0000000000000001e-03
 3.0000000000000001e-03
 1.0000000000000000e-03
 1.0000000000000000e-03
 1.0000000000000000e-03
 1.0000000000000000e-03
 1.0000000000000000e-03
 1.0000000000000000e-03
 1.0000000000000000e-03
 0.0000000000000000e+00
 0.0000000000000000e+00
 0.0000000000000000e+00
 0.0000000000000000e+00
 0.0000000000000000e+00
 0.0000000000000000e+00
 0.0000000000000000e+00
 0.0000000000000000e+00
# name: AUC
# type: matrix
# rows: 1
# columns: 1
 9.8712250000000046e-01
