# Created by Physics and Images Processing Group 
# name: Abs
# type: matrix
# rows: 100
# columns: 1
 9.3443493177809689e-01
 9.3735293124205121e-01
 9.4027093070600565e-01
 9.4318893016995997e-01
 9.4610692963391430e-01
 9.4902492909786873e-01
 9.5194292856182305e-01
 9.5486092802577738e-01
 9.5777892748973181e-01
 9.6069692695368614e-01
 9.6361492641764046e-01
 9.6653292588159490e-01
 9.6945092534554922e-01
 9.7236892480950354e-01
 9.7528692427345798e-01
 9.7820492373741230e-01
 9.8112292320136663e-01
 9.8404092266532106e-01
 9.8695892212927538e-01
 9.8987692159322971e-01
 9.9279492105718414e-01
 9.9571292052113847e-01
 9.9863091998509290e-01
 1.0015489194490472e+00
 1.0044669189130015e+00
 1.0073849183769559e+00
 1.0103029178409102e+00
 1.0132209173048647e+00
 1.0161389167688191e+00
 1.0190569162327734e+00
 1.0219749156967277e+00
 1.0248929151606820e+00
 1.0278109146246364e+00
 1.0307289140885909e+00
 1.0336469135525452e+00
 1.0365649130164996e+00
 1.0394829124804539e+00
 1.0424009119444082e+00
 1.0453189114083625e+00
 1.0482369108723171e+00
 1.0511549103362714e+00
 1.0540729098002257e+00
 1.0569909092641800e+00
 1.0599089087281344e+00
 1.0628269081920889e+00
 1.0657449076560432e+00
 1.0686629071199976e+00
 1.0715809065839519e+00
 1.0744989060479062e+00
 1.0774169055118605e+00
 1.0803349049758149e+00
 1.0832529044397694e+00
 1.0861709039037237e+00
 1.0890889033676781e+00
 1.0920069028316324e+00
 1.0949249022955867e+00
 1.0978429017595412e+00
 1.1007609012234956e+00
 1.1036789006874499e+00
 1.1065969001514042e+00
 1.1095148996153585e+00
 1.1124328990793129e+00
 1.1153508985432672e+00
 1.1182688980072217e+00
 1.1211868974711761e+00
 1.1241048969351304e+00
 1.1270228963990847e+00
 1.1299408958630390e+00
 1.1328588953269936e+00
 1.1357768947909479e+00
 1.1386948942549022e+00
 1.1416128937188565e+00
 1.1445308931828109e+00
 1.1474488926467652e+00
 1.1503668921107197e+00
 1.1532848915746741e+00
 1.1562028910386284e+00
 1.1591208905025827e+00
 1.1620388899665370e+00
 1.1649568894304914e+00
 1.1678748888944459e+00
 1.1707928883584002e+00
 1.1737108878223546e+00
 1.1766288872863089e+00
 1.1795468867502632e+00
 1.1824648862142175e+00
 1.1853828856781718e+00
 1.1883008851421264e+00
 1.1912188846060807e+00
 1.1941368840700350e+00
 1.1970548835339894e+00
 1.1999728829979439e+00
 1.2028908824618982e+00
 1.2058088819258526e+00
 1.2087268813898069e+00
 1.2116448808537612e+00
 1.2145628803177155e+00
 1.2174808797816699e+00
 1.2203988792456244e+00
 1.2233168787095787e+00
# name: Hist_H0
# type: matrix
# rows: 100
# columns: 1
 2.0000000000000000e+00
 0.0000000000000000e+00
 2.0000000000000000e+00
 3.0000000000000000e+00
 3.0000000000000000e+00
 8.0000000000000000e+00
 4.0000000000000000e+00
 1.1000000000000000e+01
 1.3000000000000000e+01
 1.3000000000000000e+01
 1.3000000000000000e+01
 1.6000000000000000e+01
 1.9000000000000000e+01
 2.3000000000000000e+01
 3.7000000000000000e+01
 3.4000000000000000e+01
 3.7000000000000000e+01
 3.8000000000000000e+01
 3.5000000000000000e+01
 4.3000000000000000e+01
 5.7000000000000000e+01
 5.1000000000000000e+01
 4.8000000000000000e+01
 5.6000000000000000e+01
 4.8000000000000000e+01
 5.9000000000000000e+01
 5.0000000000000000e+01
 4.5000000000000000e+01
 4.1000000000000000e+01
 3.7000000000000000e+01
 2.7000000000000000e+01
 2.1000000000000000e+01
 2.5000000000000000e+01
 2.0000000000000000e+01
 1.6000000000000000e+01
 1.1000000000000000e+01
 7.0000000000000000e+00
 5.0000000000000000e+00
 5.0000000000000000e+00
 5.0000000000000000e+00
 3.0000000000000000e+00
 1.0000000000000000e+00
 3.0000000000000000e+00
 0.0000000000000000e+00
 3.0000000000000000e+00
 2.0000000000000000e+00
 0.0000000000000000e+00
 0.0000000000000000e+00
 0.0000000000000000e+00
 0.0000000000000000e+00
 0.0000000000000000e+00
 0.0000000000000000e+00
 0.0000000000000000e+00
 0.0000000000000000e+00
 0.0000000000000000e+00
 0.0000000000000000e+00
 0.0000000000000000e+00
 0.0000000000000000e+00
 0.0000000000000000e+00
 0.0000000000000000e+00
 0.0000000000000000e+00
 0.0000000000000000e+00
 0.0000000000000000e+00
 0.0000000000000000e+00
 0.0000000000000000e+00
 0.0000000000000000e+00
 0.0000000000000000e+00
 0.0000000000000000e+00
 0.0000000000000000e+00
 0.0000000000000000e+00
 0.0000000000000000e+00
 0.0000000000000000e+00
 0.0000000000000000e+00
 0.0000000000000000e+00
 0.0000000000000000e+00
 0.0000000000000000e+00
 0.0000000000000000e+00
 0.0000000000000000e+00
 0.0000000000000000e+00
 0.0000000000000000e+00
 0.0000000000000000e+00
 0.0000000000000000e+00
 0.0000000000000000e+00
 0.0000000000000000e+00
 0.0000000000000000e+00
 0.0000000000000000e+00
 0.0000000000000000e+00
 0.0000000000000000e+00
 0.0000000000000000e+00
 0.0000000000000000e+00
 0.0000000000000000e+00
 0.0000000000000000e+00
 0.0000000000000000e+00
 0.0000000000000000e+00
 0.0000000000000000e+00
 0.0000000000000000e+00
 0.0000000000000000e+00
 0.0000000000000000e+00
 0.0000000000000000e+00
 0.0000000000000000e+00
# name: Hist_H1
# type: matrix
# rows: 100
# columns: 1
 0.0000000000000000e+00
 0.0000000000000000e+00
 0.0000000000000000e+00
 0.0000000000000000e+00
 0.0000000000000000e+00
 0.0000000000000000e+00
 0.0000000000000000e+00
 0.0000000000000000e+00
 0.0000000000000000e+00
 0.0000000000000000e+00
 0.0000000000000000e+00
 0.0000000000000000e+00
 0.0000000000000000e+00
 0.0000000000000000e+00
 0.0000000000000000e+00
 0.0000000000000000e+00
 0.0000000000000000e+00
 0.0000000000000000e+00
 0.0000000000000000e+00
 0.0000000000000000e+00
 0.0000000000000000e+00
 0.0000000000000000e+00
 0.0000000000000000e+00
 0.0000000000000000e+00
 0.0000000000000000e+00
 0.0000000000000000e+00
 0.0000000000000000e+00
 1.0000000000000000e+00
 0.0000000000000000e+00
 1.0000000000000000e+00
 0.0000000000000000e+00
 0.0000000000000000e+00
 0.0000000000000000e+00
 0.0000000000000000e+00
 1.0000000000000000e+00
 1.0000000000000000e+00
 3.0000000000000000e+00
 1.0000000000000000e+00
 9.0000000000000000e+00
 4.0000000000000000e+00
 4.0000000000000000e+00
 4.0000000000000000e+00
 7.0000000000000000e+00
 5.0000000000000000e+00
 9.0000000000000000e+00
 8.0000000000000000e+00
 1.3000000000000000e+01
 1.5000000000000000e+01
 2.5000000000000000e+01
 2.4000000000000000e+01
 2.4000000000000000e+01
 2.1000000000000000e+01
 1.8000000000000000e+01
 2.5000000000000000e+01
 3.1000000000000000e+01
 2.8000000000000000e+01
 3.0000000000000000e+01
 3.4000000000000000e+01
 3.0000000000000000e+01
 2.9000000000000000e+01
 2.9000000000000000e+01
 2.9000000000000000e+01
 3.4000000000000000e+01
 3.7000000000000000e+01
 3.7000000000000000e+01
 2.7000000000000000e+01
 3.0000000000000000e+01
 3.3000000000000000e+01
 3.9000000000000000e+01
 3.1000000000000000e+01
 1.5000000000000000e+01
 2.1000000000000000e+01
 2.8000000000000000e+01
 1.9000000000000000e+01
 2.2000000000000000e+01
 2.2000000000000000e+01
 1.3000000000000000e+01
 1.4000000000000000e+01
 1.5000000000000000e+01
 1.3000000000000000e+01
 1.1000000000000000e+01
 4.0000000000000000e+00
 1.5000000000000000e+01
 1.4000000000000000e+01
 9.0000000000000000e+00
 7.0000000000000000e+00
 3.0000000000000000e+00
 1.0000000000000000e+00
 6.0000000000000000e+00
 5.0000000000000000e+00
 5.0000000000000000e+00
 1.0000000000000000e+00
 2.0000000000000000e+00
 0.0000000000000000e+00
 0.0000000000000000e+00
 1.0000000000000000e+00
 0.0000000000000000e+00
 2.0000000000000000e+00
 0.0000000000000000e+00
 0.0000000000000000e+00
# name: Vect_Pfa
# type: matrix
# rows: 100
# columns: 1
 1.0000000000000004e+00
 9.9800000000000044e-01
 9.9800000000000044e-01
 9.9600000000000044e-01
 9.9300000000000044e-01
 9.9000000000000044e-01
 9.8200000000000043e-01
 9.7800000000000042e-01
 9.6700000000000041e-01
 9.5400000000000040e-01
 9.4100000000000039e-01
 9.2800000000000038e-01
 9.1200000000000037e-01
 8.9300000000000035e-01
 8.7000000000000033e-01
 8.3300000000000030e-01
 7.9900000000000027e-01
 7.6200000000000023e-01
 7.2400000000000020e-01
 6.8900000000000017e-01
 6.4600000000000013e-01
 5.8900000000000008e-01
 5.3800000000000003e-01
 4.8999999999999999e-01
 4.3400000000000000e-01
 3.8600000000000001e-01
 3.2700000000000001e-01
 2.7700000000000002e-01
 2.3200000000000001e-01
 1.9100000000000000e-01
 1.5400000000000000e-01
 1.2700000000000000e-01
 1.0600000000000001e-01
 8.1000000000000003e-02
 6.0999999999999999e-02
 4.4999999999999998e-02
 3.4000000000000002e-02
 2.7000000000000003e-02
 2.2000000000000002e-02
 1.7000000000000001e-02
 1.2000000000000000e-02
 9.0000000000000011e-03
 8.0000000000000002e-03
 5.0000000000000001e-03
 5.0000000000000001e-03
 2.0000000000000000e-03
 0.0000000000000000e+00
 0.0000000000000000e+00
 0.0000000000000000e+00
 0.0000000000000000e+00
 0.0000000000000000e+00
 0.0000000000000000e+00
 0.0000000000000000e+00
 0.0000000000000000e+00
 0.0000000000000000e+00
 0.0000000000000000e+00
 0.0000000000000000e+00
 0.0000000000000000e+00
 0.0000000000000000e+00
 0.0000000000000000e+00
 0.0000000000000000e+00
 0.0000000000000000e+00
 0.0000000000000000e+00
 0.0000000000000000e+00
 0.0000000000000000e+00
 0.0000000000000000e+00
 0.0000000000000000e+00
 0.0000000000000000e+00
 0.0000000000000000e+00
 0.0000000000000000e+00
 0.0000000000000000e+00
 0.0000000000000000e+00
 0.0000000000000000e+00
 0.0000000000000000e+00
 0.0000000000000000e+00
 0.0000000000000000e+00
 0.0000000000000000e+00
 0.0000000000000000e+00
 0.0000000000000000e+00
 0.0000000000000000e+00
 0.0000000000000000e+00
 0.0000000000000000e+00
 0.0000000000000000e+00
 0.0000000000000000e+00
 0.0000000000000000e+00
 0.0000000000000000e+00
 0.0000000000000000e+00
 0.0000000000000000e+00
 0.0000000000000000e+00
 0.0000000000000000e+00
 0.0000000000000000e+00
 0.0000000000000000e+00
 0.0000000000000000e+00
 0.0000000000000000e+00
 0.0000000000000000e+00
 0.0000000000000000e+00
 0.0000000000000000e+00
 0.0000000000000000e+00
 0.0000000000000000e+00
 0.0000000000000000e+00
# name: Vect_Pd
# type: matrix
# rows: 100
# columns: 1
 9.9900000000000044e-01
 9.9900000000000044e-01
 9.9900000000000044e-01
 9.9900000000000044e-01
 9.9900000000000044e-01
 9.9900000000000044e-01
 9.9900000000000044e-01
 9.9900000000000044e-01
 9.9900000000000044e-01
 9.9900000000000044e-01
 9.9900000000000044e-01
 9.9900000000000044e-01
 9.9900000000000044e-01
 9.9900000000000044e-01
 9.9900000000000044e-01
 9.9900000000000044e-01
 9.9900000000000044e-01
 9.9900000000000044e-01
 9.9900000000000044e-01
 9.9900000000000044e-01
 9.9900000000000044e-01
 9.9900000000000044e-01
 9.9900000000000044e-01
 9.9900000000000044e-01
 9.9900000000000044e-01
 9.9900000000000044e-01
 9.9900000000000044e-01
 9.9900000000000044e-01
 9.9800000000000044e-01
 9.9800000000000044e-01
 9.9700000000000044e-01
 9.9700000000000044e-01
 9.9700000000000044e-01
 9.9700000000000044e-01
 9.9700000000000044e-01
 9.9600000000000044e-01
 9.9500000000000044e-01
 9.9200000000000044e-01
 9.9100000000000044e-01
 9.8200000000000043e-01
 9.7800000000000042e-01
 9.7400000000000042e-01
 9.7000000000000042e-01
 9.6300000000000041e-01
 9.5800000000000041e-01
 9.4900000000000040e-01
 9.4100000000000039e-01
 9.2800000000000038e-01
 9.1300000000000037e-01
 8.8800000000000034e-01
 8.6400000000000032e-01
 8.4000000000000030e-01
 8.1900000000000028e-01
 8.0100000000000027e-01
 7.7600000000000025e-01
 7.4500000000000022e-01
 7.1700000000000019e-01
 6.8700000000000017e-01
 6.5300000000000014e-01
 6.2300000000000011e-01
 5.9400000000000008e-01
 5.6500000000000006e-01
 5.3600000000000003e-01
 5.0200000000000000e-01
 4.6500000000000002e-01
 4.2800000000000005e-01
 4.0100000000000002e-01
 3.7100000000000000e-01
 3.3800000000000002e-01
 2.9900000000000004e-01
 2.6800000000000002e-01
 2.5300000000000000e-01
 2.3199999999999998e-01
 2.0399999999999999e-01
 1.8500000000000000e-01
 1.6300000000000001e-01
 1.4100000000000001e-01
 1.2800000000000000e-01
 1.1400000000000000e-01
 9.9000000000000005e-02
 8.6000000000000007e-02
 7.5000000000000011e-02
 7.1000000000000008e-02
 5.6000000000000001e-02
 4.2000000000000003e-02
 3.3000000000000002e-02
 2.5999999999999999e-02
 2.3000000000000000e-02
 2.1999999999999999e-02
 1.6000000000000000e-02
 1.0999999999999999e-02
 6.0000000000000001e-03
 5.0000000000000001e-03
 3.0000000000000001e-03
 3.0000000000000001e-03
 3.0000000000000001e-03
 2.0000000000000000e-03
 2.0000000000000000e-03
 0.0000000000000000e+00
 0.0000000000000000e+00
# name: AUC
# type: matrix
# rows: 1
# columns: 1
 9.9794500000000097e-01
