# Created by Physics and Images Processing Group 
# name: Abs
# type: matrix
# rows: 100
# columns: 1
 7.8875860881346461e-10
 2.4564164826324621e-03
 4.9128321765063154e-03
 7.3692478703801688e-03
 9.8256635642540221e-03
 1.2282079258127876e-02
 1.4738494952001729e-02
 1.7194910645875583e-02
 1.9651326339749437e-02
 2.2107742033623291e-02
 2.4564157727497146e-02
 2.7020573421370996e-02
 2.9476989115244850e-02
 3.1933404809118701e-02
 3.4389820502992552e-02
 3.6846236196866410e-02
 3.9302651890740260e-02
 4.1759067584614111e-02
 4.4215483278487969e-02
 4.6671898972361819e-02
 4.9128314666235677e-02
 5.1584730360109528e-02
 5.4041146053983379e-02
 5.6497561747857236e-02
 5.8953977441731087e-02
 6.1410393135604938e-02
 6.3866808829478802e-02
 6.6323224523352653e-02
 6.8779640217226504e-02
 7.1236055911100354e-02
 7.3692471604974219e-02
 7.6148887298848070e-02
 7.8605302992721920e-02
 8.1061718686595771e-02
 8.3518134380469622e-02
 8.5974550074343487e-02
 8.8430965768217337e-02
 9.0887381462091188e-02
 9.3343797155965039e-02
 9.5800212849838889e-02
 9.8256628543712754e-02
 1.0071304423758660e-01
 1.0316945993146046e-01
 1.0562587562533431e-01
 1.0808229131920816e-01
 1.1053870701308201e-01
 1.1299512270695587e-01
 1.1545153840082972e-01
 1.1790795409470357e-01
 1.2036436978857742e-01
 1.2282078548245128e-01
 1.2527720117632513e-01
 1.2773361687019899e-01
 1.3019003256407283e-01
 1.3264644825794669e-01
 1.3510286395182056e-01
 1.3755927964569439e-01
 1.4001569533956826e-01
 1.4247211103344209e-01
 1.4492852672731596e-01
 1.4738494242118982e-01
 1.4984135811506366e-01
 1.5229777380893753e-01
 1.5475418950281136e-01
 1.5721060519668523e-01
 1.5966702089055909e-01
 1.6212343658443293e-01
 1.6457985227830679e-01
 1.6703626797218063e-01
 1.6949268366605449e-01
 1.7194909935992836e-01
 1.7440551505380220e-01
 1.7686193074767606e-01
 1.7931834644154990e-01
 1.8177476213542376e-01
 1.8423117782929763e-01
 1.8668759352317146e-01
 1.8914400921704533e-01
 1.9160042491091916e-01
 1.9405684060479303e-01
 1.9651325629866689e-01
 1.9896967199254073e-01
 2.0142608768641460e-01
 2.0388250338028843e-01
 2.0633891907416230e-01
 2.0879533476803613e-01
 2.1125175046191000e-01
 2.1370816615578386e-01
 2.1616458184965770e-01
 2.1862099754353156e-01
 2.2107741323740540e-01
 2.2353382893127927e-01
 2.2599024462515313e-01
 2.2844666031902697e-01
 2.3090307601290083e-01
 2.3335949170677467e-01
 2.3581590740064853e-01
 2.3827232309452240e-01
 2.4072873878839623e-01
 2.4318515448227010e-01
# name: Hist_H0
# type: matrix
# rows: 100
# columns: 1
 6.2300000000000000e+02
 1.7300000000000000e+02
 7.6000000000000000e+01
 4.6000000000000000e+01
 3.1000000000000000e+01
 1.8000000000000000e+01
 1.3000000000000000e+01
 5.0000000000000000e+00
 6.0000000000000000e+00
 2.0000000000000000e+00
 5.0000000000000000e+00
 2.0000000000000000e+00
 0.0000000000000000e+00
 0.0000000000000000e+00
 0.0000000000000000e+00
 0.0000000000000000e+00
 0.0000000000000000e+00
 0.0000000000000000e+00
 0.0000000000000000e+00
 0.0000000000000000e+00
 0.0000000000000000e+00
 0.0000000000000000e+00
 0.0000000000000000e+00
 0.0000000000000000e+00
 0.0000000000000000e+00
 0.0000000000000000e+00
 0.0000000000000000e+00
 0.0000000000000000e+00
 0.0000000000000000e+00
 0.0000000000000000e+00
 0.0000000000000000e+00
 0.0000000000000000e+00
 0.0000000000000000e+00
 0.0000000000000000e+00
 0.0000000000000000e+00
 0.0000000000000000e+00
 0.0000000000000000e+00
 0.0000000000000000e+00
 0.0000000000000000e+00
 0.0000000000000000e+00
 0.0000000000000000e+00
 0.0000000000000000e+00
 0.0000000000000000e+00
 0.0000000000000000e+00
 0.0000000000000000e+00
 0.0000000000000000e+00
 0.0000000000000000e+00
 0.0000000000000000e+00
 0.0000000000000000e+00
 0.0000000000000000e+00
 0.0000000000000000e+00
 0.0000000000000000e+00
 0.0000000000000000e+00
 0.0000000000000000e+00
 0.0000000000000000e+00
 0.0000000000000000e+00
 0.0000000000000000e+00
 0.0000000000000000e+00
 0.0000000000000000e+00
 0.0000000000000000e+00
 0.0000000000000000e+00
 0.0000000000000000e+00
 0.0000000000000000e+00
 0.0000000000000000e+00
 0.0000000000000000e+00
 0.0000000000000000e+00
 0.0000000000000000e+00
 0.0000000000000000e+00
 0.0000000000000000e+00
 0.0000000000000000e+00
 0.0000000000000000e+00
 0.0000000000000000e+00
 0.0000000000000000e+00
 0.0000000000000000e+00
 0.0000000000000000e+00
 0.0000000000000000e+00
 0.0000000000000000e+00
 0.0000000000000000e+00
 0.0000000000000000e+00
 0.0000000000000000e+00
 0.0000000000000000e+00
 0.0000000000000000e+00
 0.0000000000000000e+00
 0.0000000000000000e+00
 0.0000000000000000e+00
 0.0000000000000000e+00
 0.0000000000000000e+00
 0.0000000000000000e+00
 0.0000000000000000e+00
 0.0000000000000000e+00
 0.0000000000000000e+00
 0.0000000000000000e+00
 0.0000000000000000e+00
 0.0000000000000000e+00
 0.0000000000000000e+00
 0.0000000000000000e+00
 0.0000000000000000e+00
 0.0000000000000000e+00
 0.0000000000000000e+00
 0.0000000000000000e+00
# name: Hist_H1
# type: matrix
# rows: 100
# columns: 1
 2.0000000000000000e+00
 0.0000000000000000e+00
 0.0000000000000000e+00
 4.0000000000000000e+00
 4.0000000000000000e+00
 1.0000000000000000e+01
 7.0000000000000000e+00
 5.0000000000000000e+00
 1.0000000000000000e+01
 8.0000000000000000e+00
 1.1000000000000000e+01
 1.6000000000000000e+01
 2.1000000000000000e+01
 2.0000000000000000e+01
 3.2000000000000000e+01
 2.1000000000000000e+01
 1.5000000000000000e+01
 1.6000000000000000e+01
 2.6000000000000000e+01
 1.9000000000000000e+01
 3.0000000000000000e+01
 2.5000000000000000e+01
 3.0000000000000000e+01
 2.1000000000000000e+01
 2.5000000000000000e+01
 2.2000000000000000e+01
 2.1000000000000000e+01
 2.3000000000000000e+01
 2.1000000000000000e+01
 2.5000000000000000e+01
 2.2000000000000000e+01
 2.9000000000000000e+01
 2.8000000000000000e+01
 1.7000000000000000e+01
 2.2000000000000000e+01
 1.7000000000000000e+01
 2.3000000000000000e+01
 2.4000000000000000e+01
 2.2000000000000000e+01
 2.7000000000000000e+01
 1.3000000000000000e+01
 8.0000000000000000e+00
 1.4000000000000000e+01
 1.5000000000000000e+01
 1.1000000000000000e+01
 1.5000000000000000e+01
 1.7000000000000000e+01
 1.0000000000000000e+01
 1.0000000000000000e+01
 1.4000000000000000e+01
 1.2000000000000000e+01
 8.0000000000000000e+00
 8.0000000000000000e+00
 7.0000000000000000e+00
 7.0000000000000000e+00
 7.0000000000000000e+00
 9.0000000000000000e+00
 5.0000000000000000e+00
 9.0000000000000000e+00
 4.0000000000000000e+00
 4.0000000000000000e+00
 1.0000000000000000e+00
 1.2000000000000000e+01
 7.0000000000000000e+00
 4.0000000000000000e+00
 7.0000000000000000e+00
 4.0000000000000000e+00
 3.0000000000000000e+00
 7.0000000000000000e+00
 2.0000000000000000e+00
 1.0000000000000000e+00
 1.0000000000000000e+00
 1.0000000000000000e+00
 4.0000000000000000e+00
 1.0000000000000000e+00
 1.0000000000000000e+00
 2.0000000000000000e+00
 5.0000000000000000e+00
 1.0000000000000000e+00
 1.0000000000000000e+00
 2.0000000000000000e+00
 0.0000000000000000e+00
 1.0000000000000000e+00
 0.0000000000000000e+00
 0.0000000000000000e+00
 0.0000000000000000e+00
 0.0000000000000000e+00
 0.0000000000000000e+00
 0.0000000000000000e+00
 1.0000000000000000e+00
 0.0000000000000000e+00
 1.0000000000000000e+00
 0.0000000000000000e+00
 1.0000000000000000e+00
 0.0000000000000000e+00
 0.0000000000000000e+00
 0.0000000000000000e+00
 0.0000000000000000e+00
 0.0000000000000000e+00
 0.0000000000000000e+00
# name: Vect_Pfa
# type: matrix
# rows: 100
# columns: 1
 1.0000000000000000e+00
 3.7700000000000000e-01
 2.0400000000000001e-01
 1.2800000000000000e-01
 8.2000000000000003e-02
 5.1000000000000004e-02
 3.3000000000000002e-02
 2.0000000000000000e-02
 1.5000000000000001e-02
 9.0000000000000011e-03
 7.0000000000000001e-03
 2.0000000000000000e-03
 0.0000000000000000e+00
 0.0000000000000000e+00
 0.0000000000000000e+00
 0.0000000000000000e+00
 0.0000000000000000e+00
 0.0000000000000000e+00
 0.0000000000000000e+00
 0.0000000000000000e+00
 0.0000000000000000e+00
 0.0000000000000000e+00
 0.0000000000000000e+00
 0.0000000000000000e+00
 0.0000000000000000e+00
 0.0000000000000000e+00
 0.0000000000000000e+00
 0.0000000000000000e+00
 0.0000000000000000e+00
 0.0000000000000000e+00
 0.0000000000000000e+00
 0.0000000000000000e+00
 0.0000000000000000e+00
 0.0000000000000000e+00
 0.0000000000000000e+00
 0.0000000000000000e+00
 0.0000000000000000e+00
 0.0000000000000000e+00
 0.0000000000000000e+00
 0.0000000000000000e+00
 0.0000000000000000e+00
 0.0000000000000000e+00
 0.0000000000000000e+00
 0.0000000000000000e+00
 0.0000000000000000e+00
 0.0000000000000000e+00
 0.0000000000000000e+00
 0.0000000000000000e+00
 0.0000000000000000e+00
 0.0000000000000000e+00
 0.0000000000000000e+00
 0.0000000000000000e+00
 0.0000000000000000e+00
 0.0000000000000000e+00
 0.0000000000000000e+00
 0.0000000000000000e+00
 0.0000000000000000e+00
 0.0000000000000000e+00
 0.0000000000000000e+00
 0.0000000000000000e+00
 0.0000000000000000e+00
 0.0000000000000000e+00
 0.0000000000000000e+00
 0.0000000000000000e+00
 0.0000000000000000e+00
 0.0000000000000000e+00
 0.0000000000000000e+00
 0.0000000000000000e+00
 0.0000000000000000e+00
 0.0000000000000000e+00
 0.0000000000000000e+00
 0.0000000000000000e+00
 0.0000000000000000e+00
 0.0000000000000000e+00
 0.0000000000000000e+00
 0.0000000000000000e+00
 0.0000000000000000e+00
 0.0000000000000000e+00
 0.0000000000000000e+00
 0.0000000000000000e+00
 0.0000000000000000e+00
 0.0000000000000000e+00
 0.0000000000000000e+00
 0.0000000000000000e+00
 0.0000000000000000e+00
 0.0000000000000000e+00
 0.0000000000000000e+00
 0.0000000000000000e+00
 0.0000000000000000e+00
 0.0000000000000000e+00
 0.0000000000000000e+00
 0.0000000000000000e+00
 0.0000000000000000e+00
 0.0000000000000000e+00
 0.0000000000000000e+00
 0.0000000000000000e+00
 0.0000000000000000e+00
 0.0000000000000000e+00
 0.0000000000000000e+00
 0.0000000000000000e+00
# name: Vect_Pd
# type: matrix
# rows: 100
# columns: 1
 9.9900000000000078e-01
 9.9700000000000077e-01
 9.9700000000000077e-01
 9.9700000000000077e-01
 9.9300000000000077e-01
 9.8900000000000077e-01
 9.7900000000000076e-01
 9.7200000000000075e-01
 9.6700000000000075e-01
 9.5700000000000074e-01
 9.4900000000000073e-01
 9.3800000000000072e-01
 9.2200000000000071e-01
 9.0100000000000069e-01
 8.8100000000000067e-01
 8.4900000000000064e-01
 8.2800000000000062e-01
 8.1300000000000061e-01
 7.9700000000000060e-01
 7.7100000000000057e-01
 7.5200000000000056e-01
 7.2200000000000053e-01
 6.9700000000000051e-01
 6.6700000000000048e-01
 6.4600000000000046e-01
 6.2100000000000044e-01
 5.9900000000000042e-01
 5.7800000000000040e-01
 5.5500000000000038e-01
 5.3400000000000036e-01
 5.0900000000000034e-01
 4.8700000000000032e-01
 4.5800000000000030e-01
 4.3000000000000027e-01
 4.1300000000000026e-01
 3.9100000000000024e-01
 3.7400000000000022e-01
 3.5100000000000020e-01
 3.2700000000000018e-01
 3.0500000000000016e-01
 2.7800000000000014e-01
 2.6500000000000012e-01
 2.5700000000000012e-01
 2.4300000000000010e-01
 2.2800000000000009e-01
 2.1700000000000008e-01
 2.0200000000000007e-01
 1.8500000000000008e-01
 1.7500000000000007e-01
 1.6500000000000006e-01
 1.5100000000000005e-01
 1.3900000000000004e-01
 1.3100000000000003e-01
 1.2300000000000003e-01
 1.1600000000000002e-01
 1.0900000000000001e-01
 1.0200000000000001e-01
 9.3000000000000013e-02
 8.8000000000000009e-02
 7.9000000000000015e-02
 7.5000000000000011e-02
 7.1000000000000008e-02
 7.0000000000000007e-02
 5.8000000000000003e-02
 5.1000000000000004e-02
 4.7000000000000007e-02
 4.0000000000000008e-02
 3.6000000000000004e-02
 3.3000000000000002e-02
 2.6000000000000002e-02
 2.4000000000000004e-02
 2.3000000000000003e-02
 2.2000000000000002e-02
 2.1000000000000001e-02
 1.7000000000000001e-02
 1.6000000000000000e-02
 1.5000000000000001e-02
 1.3000000000000001e-02
 8.0000000000000002e-03
 7.0000000000000001e-03
 6.0000000000000001e-03
 4.0000000000000001e-03
 4.0000000000000001e-03
 3.0000000000000001e-03
 3.0000000000000001e-03
 3.0000000000000001e-03
 3.0000000000000001e-03
 3.0000000000000001e-03
 3.0000000000000001e-03
 3.0000000000000001e-03
 2.0000000000000000e-03
 2.0000000000000000e-03
 1.0000000000000000e-03
 1.0000000000000000e-03
 0.0000000000000000e+00
 0.0000000000000000e+00
 0.0000000000000000e+00
 0.0000000000000000e+00
 0.0000000000000000e+00
 0.0000000000000000e+00
# name: AUC
# type: matrix
# rows: 1
# columns: 1
 9.9599450000000078e-01
