# Created by Physics and Images Processing Group 
# name: Abs
# type: matrix
# rows: 100
# columns: 1
 2.3235399975328619e-01
 2.7180629721334298e-01
 3.1125859467339978e-01
 3.5071089213345658e-01
 3.9016318959351337e-01
 4.2961548705357017e-01
 4.6906778451362696e-01
 5.0852008197368370e-01
 5.4797237943374055e-01
 5.8742467689379740e-01
 6.2687697435385414e-01
 6.6632927181391088e-01
 7.0578156927396773e-01
 7.4523386673402459e-01
 7.8468616419408133e-01
 8.2413846165413807e-01
 8.6359075911419492e-01
 9.0304305657425177e-01
 9.4249535403430851e-01
 9.8194765149436525e-01
 1.0213999489544221e+00
 1.0608522464144789e+00
 1.1003045438745356e+00
 1.1397568413345924e+00
 1.1792091387946493e+00
 1.2186614362547061e+00
 1.2581137337147630e+00
 1.2975660311748196e+00
 1.3370183286348765e+00
 1.3764706260949333e+00
 1.4159229235549899e+00
 1.4553752210150468e+00
 1.4948275184751036e+00
 1.5342798159351605e+00
 1.5737321133952173e+00
 1.6131844108552740e+00
 1.6526367083153308e+00
 1.6920890057753877e+00
 1.7315413032354443e+00
 1.7709936006955012e+00
 1.8104458981555580e+00
 1.8498981956156149e+00
 1.8893504930756717e+00
 1.9288027905357283e+00
 1.9682550879957852e+00
 2.0077073854558423e+00
 2.0471596829158987e+00
 2.0866119803759555e+00
 2.1260642778360124e+00
 2.1655165752960692e+00
 2.2049688727561261e+00
 2.2444211702161829e+00
 2.2838734676762398e+00
 2.3233257651362962e+00
 2.3627780625963530e+00
 2.4022303600564099e+00
 2.4416826575164667e+00
 2.4811349549765236e+00
 2.5205872524365804e+00
 2.5600395498966373e+00
 2.5994918473566937e+00
 2.6389441448167505e+00
 2.6783964422768074e+00
 2.7178487397368642e+00
 2.7573010371969211e+00
 2.7967533346569780e+00
 2.8362056321170348e+00
 2.8756579295770917e+00
 2.9151102270371485e+00
 2.9545625244972049e+00
 2.9940148219572618e+00
 3.0334671194173186e+00
 3.0729194168773755e+00
 3.1123717143374323e+00
 3.1518240117974892e+00
 3.1912763092575460e+00
 3.2307286067176024e+00
 3.2701809041776593e+00
 3.3096332016377161e+00
 3.3490854990977730e+00
 3.3885377965578298e+00
 3.4279900940178867e+00
 3.4674423914779435e+00
 3.5068946889380004e+00
 3.5463469863980572e+00
 3.5857992838581136e+00
 3.6252515813181705e+00
 3.6647038787782273e+00
 3.7041561762382842e+00
 3.7436084736983410e+00
 3.7830607711583979e+00
 3.8225130686184547e+00
 3.8619653660785112e+00
 3.9014176635385680e+00
 3.9408699609986249e+00
 3.9803222584586817e+00
 4.0197745559187386e+00
 4.0592268533787959e+00
 4.0986791508388523e+00
 4.1381314482989087e+00
# name: Hist_H0
# type: matrix
# rows: 100
# columns: 1
 1.2200000000000000e+02
 2.0900000000000000e+02
 1.1800000000000000e+02
 9.2000000000000000e+01
 7.0000000000000000e+01
 3.6000000000000000e+01
 3.5000000000000000e+01
 3.0000000000000000e+01
 3.5000000000000000e+01
 3.4000000000000000e+01
 1.9000000000000000e+01
 2.0000000000000000e+01
 2.1000000000000000e+01
 1.2000000000000000e+01
 1.2000000000000000e+01
 1.1000000000000000e+01
 9.0000000000000000e+00
 1.4000000000000000e+01
 9.0000000000000000e+00
 6.0000000000000000e+00
 6.0000000000000000e+00
 6.0000000000000000e+00
 1.1000000000000000e+01
 7.0000000000000000e+00
 7.0000000000000000e+00
 2.0000000000000000e+00
 5.0000000000000000e+00
 5.0000000000000000e+00
 5.0000000000000000e+00
 4.0000000000000000e+00
 0.0000000000000000e+00
 2.0000000000000000e+00
 4.0000000000000000e+00
 0.0000000000000000e+00
 0.0000000000000000e+00
 3.0000000000000000e+00
 0.0000000000000000e+00
 2.0000000000000000e+00
 1.0000000000000000e+00
 4.0000000000000000e+00
 1.0000000000000000e+00
 2.0000000000000000e+00
 1.0000000000000000e+00
 0.0000000000000000e+00
 0.0000000000000000e+00
 0.0000000000000000e+00
 0.0000000000000000e+00
 0.0000000000000000e+00
 0.0000000000000000e+00
 0.0000000000000000e+00
 0.0000000000000000e+00
 2.0000000000000000e+00
 0.0000000000000000e+00
 0.0000000000000000e+00
 2.0000000000000000e+00
 1.0000000000000000e+00
 0.0000000000000000e+00
 0.0000000000000000e+00
 0.0000000000000000e+00
 1.0000000000000000e+00
 0.0000000000000000e+00
 0.0000000000000000e+00
 0.0000000000000000e+00
 0.0000000000000000e+00
 0.0000000000000000e+00
 0.0000000000000000e+00
 1.0000000000000000e+00
 0.0000000000000000e+00
 0.0000000000000000e+00
 0.0000000000000000e+00
 0.0000000000000000e+00
 0.0000000000000000e+00
 0.0000000000000000e+00
 0.0000000000000000e+00
 1.0000000000000000e+00
 0.0000000000000000e+00
 0.0000000000000000e+00
 0.0000000000000000e+00
 0.0000000000000000e+00
 0.0000000000000000e+00
 0.0000000000000000e+00
 0.0000000000000000e+00
 0.0000000000000000e+00
 0.0000000000000000e+00
 0.0000000000000000e+00
 0.0000000000000000e+00
 0.0000000000000000e+00
 0.0000000000000000e+00
 0.0000000000000000e+00
 0.0000000000000000e+00
 0.0000000000000000e+00
 0.0000000000000000e+00
 0.0000000000000000e+00
 0.0000000000000000e+00
 0.0000000000000000e+00
 0.0000000000000000e+00
 0.0000000000000000e+00
 0.0000000000000000e+00
 0.0000000000000000e+00
 0.0000000000000000e+00
# name: Hist_H1
# type: matrix
# rows: 100
# columns: 1
 0.0000000000000000e+00
 0.0000000000000000e+00
 1.5000000000000000e+01
 1.2000000000000000e+02
 1.3100000000000000e+02
 1.1000000000000000e+02
 8.0000000000000000e+01
 4.8000000000000000e+01
 4.1000000000000000e+01
 4.6000000000000000e+01
 3.2000000000000000e+01
 3.0000000000000000e+01
 2.5000000000000000e+01
 1.9000000000000000e+01
 2.8000000000000000e+01
 1.3000000000000000e+01
 7.0000000000000000e+00
 1.7000000000000000e+01
 1.3000000000000000e+01
 1.6000000000000000e+01
 1.4000000000000000e+01
 8.0000000000000000e+00
 1.3000000000000000e+01
 1.2000000000000000e+01
 1.3000000000000000e+01
 1.0000000000000000e+01
 1.1000000000000000e+01
 1.0000000000000000e+01
 7.0000000000000000e+00
 7.0000000000000000e+00
 4.0000000000000000e+00
 1.2000000000000000e+01
 6.0000000000000000e+00
 6.0000000000000000e+00
 6.0000000000000000e+00
 5.0000000000000000e+00
 3.0000000000000000e+00
 6.0000000000000000e+00
 1.0000000000000000e+00
 3.0000000000000000e+00
 2.0000000000000000e+00
 2.0000000000000000e+00
 6.0000000000000000e+00
 1.0000000000000000e+00
 4.0000000000000000e+00
 6.0000000000000000e+00
 0.0000000000000000e+00
 3.0000000000000000e+00
 1.0000000000000000e+00
 0.0000000000000000e+00
 1.0000000000000000e+00
 0.0000000000000000e+00
 3.0000000000000000e+00
 1.0000000000000000e+00
 1.0000000000000000e+00
 2.0000000000000000e+00
 1.0000000000000000e+00
 0.0000000000000000e+00
 2.0000000000000000e+00
 1.0000000000000000e+00
 2.0000000000000000e+00
 0.0000000000000000e+00
 1.0000000000000000e+00
 0.0000000000000000e+00
 1.0000000000000000e+00
 0.0000000000000000e+00
 0.0000000000000000e+00
 1.0000000000000000e+00
 0.0000000000000000e+00
 1.0000000000000000e+00
 0.0000000000000000e+00
 1.0000000000000000e+00
 2.0000000000000000e+00
 0.0000000000000000e+00
 0.0000000000000000e+00
 0.0000000000000000e+00
 0.0000000000000000e+00
 0.0000000000000000e+00
 1.0000000000000000e+00
 0.0000000000000000e+00
 1.0000000000000000e+00
 0.0000000000000000e+00
 0.0000000000000000e+00
 0.0000000000000000e+00
 0.0000000000000000e+00
 1.0000000000000000e+00
 0.0000000000000000e+00
 0.0000000000000000e+00
 0.0000000000000000e+00
 1.0000000000000000e+00
 0.0000000000000000e+00
 0.0000000000000000e+00
 0.0000000000000000e+00
 0.0000000000000000e+00
 0.0000000000000000e+00
 0.0000000000000000e+00
 0.0000000000000000e+00
 0.0000000000000000e+00
 0.0000000000000000e+00
 1.0000000000000000e+00
# name: Vect_Pfa
# type: matrix
# rows: 100
# columns: 1
 1.0000000000000000e+00
 8.7800000000000000e-01
 6.6900000000000004e-01
 5.5100000000000005e-01
 4.5900000000000007e-01
 3.8900000000000007e-01
 3.5300000000000009e-01
 3.1800000000000006e-01
 2.8800000000000003e-01
 2.5300000000000000e-01
 2.1900000000000000e-01
 2.0000000000000001e-01
 1.8000000000000002e-01
 1.5900000000000003e-01
 1.4700000000000002e-01
 1.3500000000000001e-01
 1.2400000000000000e-01
 1.1500000000000000e-01
 1.0100000000000001e-01
 9.2000000000000012e-02
 8.6000000000000007e-02
 8.0000000000000002e-02
 7.3999999999999996e-02
 6.3000000000000000e-02
 5.5999999999999994e-02
 4.8999999999999995e-02
 4.6999999999999993e-02
 4.1999999999999996e-02
 3.6999999999999998e-02
 3.2000000000000001e-02
 2.8000000000000004e-02
 2.8000000000000004e-02
 2.6000000000000002e-02
 2.2000000000000002e-02
 2.2000000000000002e-02
 2.2000000000000002e-02
 1.9000000000000003e-02
 1.9000000000000003e-02
 1.7000000000000001e-02
 1.6000000000000000e-02
 1.2000000000000000e-02
 1.1000000000000001e-02
 9.0000000000000011e-03
 8.0000000000000002e-03
 8.0000000000000002e-03
 8.0000000000000002e-03
 8.0000000000000002e-03
 8.0000000000000002e-03
 8.0000000000000002e-03
 8.0000000000000002e-03
 8.0000000000000002e-03
 8.0000000000000002e-03
 6.0000000000000001e-03
 6.0000000000000001e-03
 6.0000000000000001e-03
 4.0000000000000001e-03
 3.0000000000000001e-03
 3.0000000000000001e-03
 3.0000000000000001e-03
 3.0000000000000001e-03
 2.0000000000000000e-03
 2.0000000000000000e-03
 2.0000000000000000e-03
 2.0000000000000000e-03
 2.0000000000000000e-03
 2.0000000000000000e-03
 2.0000000000000000e-03
 1.0000000000000000e-03
 1.0000000000000000e-03
 1.0000000000000000e-03
 1.0000000000000000e-03
 1.0000000000000000e-03
 1.0000000000000000e-03
 1.0000000000000000e-03
 1.0000000000000000e-03
 0.0000000000000000e+00
 0.0000000000000000e+00
 0.0000000000000000e+00
 0.0000000000000000e+00
 0.0000000000000000e+00
 0.0000000000000000e+00
 0.0000000000000000e+00
 0.0000000000000000e+00
 0.0000000000000000e+00
 0.0000000000000000e+00
 0.0000000000000000e+00
 0.0000000000000000e+00
 0.0000000000000000e+00
 0.0000000000000000e+00
 0.0000000000000000e+00
 0.0000000000000000e+00
 0.0000000000000000e+00
 0.0000000000000000e+00
 0.0000000000000000e+00
 0.0000000000000000e+00
 0.0000000000000000e+00
 0.0000000000000000e+00
 0.0000000000000000e+00
 0.0000000000000000e+00
 0.0000000000000000e+00
# name: Vect_Pd
# type: matrix
# rows: 100
# columns: 1
 9.9900000000000022e-01
 9.9900000000000022e-01
 9.9900000000000022e-01
 9.8400000000000021e-01
 8.6400000000000021e-01
 7.3300000000000021e-01
 6.2300000000000022e-01
 5.4300000000000026e-01
 4.9500000000000022e-01
 4.5400000000000024e-01
 4.0800000000000025e-01
 3.7600000000000022e-01
 3.4600000000000025e-01
 3.2100000000000023e-01
 3.0200000000000021e-01
 2.7400000000000019e-01
 2.6100000000000018e-01
 2.5400000000000017e-01
 2.3700000000000015e-01
 2.2400000000000014e-01
 2.0800000000000013e-01
 1.9400000000000012e-01
 1.8600000000000011e-01
 1.7300000000000010e-01
 1.6100000000000009e-01
 1.4800000000000008e-01
 1.3800000000000007e-01
 1.2700000000000006e-01
 1.1700000000000005e-01
 1.1000000000000004e-01
 1.0300000000000004e-01
 9.9000000000000032e-02
 8.7000000000000036e-02
 8.1000000000000030e-02
 7.5000000000000025e-02
 6.9000000000000020e-02
 6.4000000000000015e-02
 6.1000000000000013e-02
 5.5000000000000014e-02
 5.4000000000000013e-02
 5.1000000000000011e-02
 4.9000000000000009e-02
 4.7000000000000007e-02
 4.1000000000000009e-02
 4.0000000000000008e-02
 3.6000000000000004e-02
 3.0000000000000006e-02
 3.0000000000000006e-02
 2.7000000000000007e-02
 2.6000000000000006e-02
 2.6000000000000006e-02
 2.5000000000000005e-02
 2.5000000000000005e-02
 2.2000000000000006e-02
 2.1000000000000005e-02
 2.0000000000000004e-02
 1.8000000000000002e-02
 1.7000000000000001e-02
 1.7000000000000001e-02
 1.5000000000000003e-02
 1.4000000000000004e-02
 1.2000000000000004e-02
 1.2000000000000004e-02
 1.1000000000000003e-02
 1.1000000000000003e-02
 1.0000000000000002e-02
 1.0000000000000002e-02
 1.0000000000000002e-02
 9.0000000000000011e-03
 9.0000000000000011e-03
 8.0000000000000002e-03
 8.0000000000000002e-03
 7.0000000000000001e-03
 5.0000000000000001e-03
 5.0000000000000001e-03
 5.0000000000000001e-03
 5.0000000000000001e-03
 5.0000000000000001e-03
 5.0000000000000001e-03
 4.0000000000000001e-03
 4.0000000000000001e-03
 3.0000000000000001e-03
 3.0000000000000001e-03
 3.0000000000000001e-03
 3.0000000000000001e-03
 3.0000000000000001e-03
 2.0000000000000000e-03
 2.0000000000000000e-03
 2.0000000000000000e-03
 2.0000000000000000e-03
 1.0000000000000000e-03
 1.0000000000000000e-03
 1.0000000000000000e-03
 1.0000000000000000e-03
 1.0000000000000000e-03
 1.0000000000000000e-03
 1.0000000000000000e-03
 1.0000000000000000e-03
 1.0000000000000000e-03
 1.0000000000000000e-03
# name: AUC
# type: matrix
# rows: 1
# columns: 1
 7.3170100000000027e-01
