# Created by Physics and Images Processing Group 
# name: Abs
# type: matrix
# rows: 100
# columns: 1
 -8.9154203771795437e-01
 -1.4828996099160574e-01
 5.9496211573474289e-01
 1.3382141924610913e+00
 2.0814662691874402e+00
 2.8247183459137890e+00
 3.5679704226401370e+00
 4.3112224993664858e+00
 5.0544745760928347e+00
 5.7977266528191835e+00
 6.5409787295455324e+00
 7.2842308062718804e+00
 8.0274828829982283e+00
 8.7707349597245781e+00
 9.5139870364509260e+00
 1.0257239113177276e+01
 1.1000491189903624e+01
 1.1743743266629972e+01
 1.2486995343356321e+01
 1.3230247420082669e+01
 1.3973499496809019e+01
 1.4716751573535367e+01
 1.5460003650261715e+01
 1.6203255726988065e+01
 1.6946507803714411e+01
 1.7689759880440761e+01
 1.8433011957167110e+01
 1.9176264033893460e+01
 1.9919516110619806e+01
 2.0662768187346156e+01
 2.1406020264072506e+01
 2.2149272340798852e+01
 2.2892524417525202e+01
 2.3635776494251552e+01
 2.4379028570977898e+01
 2.5122280647704248e+01
 2.5865532724430597e+01
 2.6608784801156943e+01
 2.7352036877883293e+01
 2.8095288954609643e+01
 2.8838541031335993e+01
 2.9581793108062339e+01
 3.0325045184788689e+01
 3.1068297261515038e+01
 3.1811549338241385e+01
 3.2554801414967734e+01
 3.3298053491694084e+01
 3.4041305568420434e+01
 3.4784557645146776e+01
 3.5527809721873126e+01
 3.6271061798599476e+01
 3.7014313875325826e+01
 3.7757565952052175e+01
 3.8500818028778525e+01
 3.9244070105504875e+01
 3.9987322182231217e+01
 4.0730574258957567e+01
 4.1473826335683917e+01
 4.2217078412410267e+01
 4.2960330489136616e+01
 4.3703582565862966e+01
 4.4446834642589309e+01
 4.5190086719315659e+01
 4.5933338796042008e+01
 4.6676590872768358e+01
 4.7419842949494708e+01
 4.8163095026221058e+01
 4.8906347102947407e+01
 4.9649599179673750e+01
 5.0392851256400100e+01
 5.1136103333126449e+01
 5.1879355409852799e+01
 5.2622607486579149e+01
 5.3365859563305499e+01
 5.4109111640031841e+01
 5.4852363716758191e+01
 5.5595615793484541e+01
 5.6338867870210890e+01
 5.7082119946937240e+01
 5.7825372023663590e+01
 5.8568624100389940e+01
 5.9311876177116282e+01
 6.0055128253842632e+01
 6.0798380330568982e+01
 6.1541632407295332e+01
 6.2284884484021681e+01
 6.3028136560748031e+01
 6.3771388637474374e+01
 6.4514640714200723e+01
 6.5257892790927073e+01
 6.6001144867653423e+01
 6.6744396944379773e+01
 6.7487649021106122e+01
 6.8230901097832472e+01
 6.8974153174558822e+01
 6.9717405251285172e+01
 7.0460657328011507e+01
 7.1203909404737857e+01
 7.1947161481464207e+01
 7.2690413558190556e+01
# name: Hist_H0
# type: matrix
# rows: 100
# columns: 1
 9.0000000000000000e+00
 5.0600000000000000e+02
 2.8900000000000000e+02
 1.0900000000000000e+02
 5.3000000000000000e+01
 2.1000000000000000e+01
 5.0000000000000000e+00
 5.0000000000000000e+00
 2.0000000000000000e+00
 0.0000000000000000e+00
 1.0000000000000000e+00
 0.0000000000000000e+00
 0.0000000000000000e+00
 0.0000000000000000e+00
 0.0000000000000000e+00
 0.0000000000000000e+00
 0.0000000000000000e+00
 0.0000000000000000e+00
 0.0000000000000000e+00
 0.0000000000000000e+00
 0.0000000000000000e+00
 0.0000000000000000e+00
 0.0000000000000000e+00
 0.0000000000000000e+00
 0.0000000000000000e+00
 0.0000000000000000e+00
 0.0000000000000000e+00
 0.0000000000000000e+00
 0.0000000000000000e+00
 0.0000000000000000e+00
 0.0000000000000000e+00
 0.0000000000000000e+00
 0.0000000000000000e+00
 0.0000000000000000e+00
 0.0000000000000000e+00
 0.0000000000000000e+00
 0.0000000000000000e+00
 0.0000000000000000e+00
 0.0000000000000000e+00
 0.0000000000000000e+00
 0.0000000000000000e+00
 0.0000000000000000e+00
 0.0000000000000000e+00
 0.0000000000000000e+00
 0.0000000000000000e+00
 0.0000000000000000e+00
 0.0000000000000000e+00
 0.0000000000000000e+00
 0.0000000000000000e+00
 0.0000000000000000e+00
 0.0000000000000000e+00
 0.0000000000000000e+00
 0.0000000000000000e+00
 0.0000000000000000e+00
 0.0000000000000000e+00
 0.0000000000000000e+00
 0.0000000000000000e+00
 0.0000000000000000e+00
 0.0000000000000000e+00
 0.0000000000000000e+00
 0.0000000000000000e+00
 0.0000000000000000e+00
 0.0000000000000000e+00
 0.0000000000000000e+00
 0.0000000000000000e+00
 0.0000000000000000e+00
 0.0000000000000000e+00
 0.0000000000000000e+00
 0.0000000000000000e+00
 0.0000000000000000e+00
 0.0000000000000000e+00
 0.0000000000000000e+00
 0.0000000000000000e+00
 0.0000000000000000e+00
 0.0000000000000000e+00
 0.0000000000000000e+00
 0.0000000000000000e+00
 0.0000000000000000e+00
 0.0000000000000000e+00
 0.0000000000000000e+00
 0.0000000000000000e+00
 0.0000000000000000e+00
 0.0000000000000000e+00
 0.0000000000000000e+00
 0.0000000000000000e+00
 0.0000000000000000e+00
 0.0000000000000000e+00
 0.0000000000000000e+00
 0.0000000000000000e+00
 0.0000000000000000e+00
 0.0000000000000000e+00
 0.0000000000000000e+00
 0.0000000000000000e+00
 0.0000000000000000e+00
 0.0000000000000000e+00
 0.0000000000000000e+00
 0.0000000000000000e+00
 0.0000000000000000e+00
 0.0000000000000000e+00
 0.0000000000000000e+00
# name: Hist_H1
# type: matrix
# rows: 100
# columns: 1
 0.0000000000000000e+00
 0.0000000000000000e+00
 0.0000000000000000e+00
 0.0000000000000000e+00
 0.0000000000000000e+00
 0.0000000000000000e+00
 0.0000000000000000e+00
 0.0000000000000000e+00
 0.0000000000000000e+00
 0.0000000000000000e+00
 0.0000000000000000e+00
 0.0000000000000000e+00
 1.0000000000000000e+00
 0.0000000000000000e+00
 3.0000000000000000e+00
 3.0000000000000000e+00
 1.0000000000000000e+00
 6.0000000000000000e+00
 3.0000000000000000e+00
 4.0000000000000000e+00
 5.0000000000000000e+00
 8.0000000000000000e+00
 1.1000000000000000e+01
 1.0000000000000000e+01
 1.3000000000000000e+01
 7.0000000000000000e+00
 2.3000000000000000e+01
 1.2000000000000000e+01
 1.3000000000000000e+01
 2.1000000000000000e+01
 2.2000000000000000e+01
 2.3000000000000000e+01
 1.6000000000000000e+01
 2.5000000000000000e+01
 2.5000000000000000e+01
 2.5000000000000000e+01
 2.6000000000000000e+01
 3.4000000000000000e+01
 3.0000000000000000e+01
 2.8000000000000000e+01
 2.0000000000000000e+01
 3.3000000000000000e+01
 2.3000000000000000e+01
 2.1000000000000000e+01
 3.0000000000000000e+01
 2.0000000000000000e+01
 3.1000000000000000e+01
 3.7000000000000000e+01
 2.0000000000000000e+01
 3.7000000000000000e+01
 2.1000000000000000e+01
 1.6000000000000000e+01
 2.0000000000000000e+01
 2.9000000000000000e+01
 1.8000000000000000e+01
 1.8000000000000000e+01
 3.1000000000000000e+01
 1.8000000000000000e+01
 2.0000000000000000e+01
 1.0000000000000000e+01
 1.3000000000000000e+01
 1.3000000000000000e+01
 1.1000000000000000e+01
 1.5000000000000000e+01
 1.0000000000000000e+01
 1.4000000000000000e+01
 5.0000000000000000e+00
 4.0000000000000000e+00
 4.0000000000000000e+00
 6.0000000000000000e+00
 7.0000000000000000e+00
 3.0000000000000000e+00
 3.0000000000000000e+00
 5.0000000000000000e+00
 2.0000000000000000e+00
 3.0000000000000000e+00
 1.0000000000000000e+00
 0.0000000000000000e+00
 1.0000000000000000e+00
 1.0000000000000000e+00
 2.0000000000000000e+00
 2.0000000000000000e+00
 1.0000000000000000e+00
 0.0000000000000000e+00
 1.0000000000000000e+00
 0.0000000000000000e+00
 0.0000000000000000e+00
 0.0000000000000000e+00
 0.0000000000000000e+00
 0.0000000000000000e+00
 0.0000000000000000e+00
 0.0000000000000000e+00
 0.0000000000000000e+00
 1.0000000000000000e+00
 0.0000000000000000e+00
 0.0000000000000000e+00
 0.0000000000000000e+00
 0.0000000000000000e+00
 0.0000000000000000e+00
 0.0000000000000000e+00
# name: Vect_Pfa
# type: matrix
# rows: 100
# columns: 1
 1.0000000000000000e+00
 9.9099999999999999e-01
 4.8499999999999999e-01
 1.9600000000000001e-01
 8.6999999999999994e-02
 3.4000000000000002e-02
 1.3000000000000001e-02
 8.0000000000000002e-03
 3.0000000000000001e-03
 1.0000000000000000e-03
 1.0000000000000000e-03
 0.0000000000000000e+00
 0.0000000000000000e+00
 0.0000000000000000e+00
 0.0000000000000000e+00
 0.0000000000000000e+00
 0.0000000000000000e+00
 0.0000000000000000e+00
 0.0000000000000000e+00
 0.0000000000000000e+00
 0.0000000000000000e+00
 0.0000000000000000e+00
 0.0000000000000000e+00
 0.0000000000000000e+00
 0.0000000000000000e+00
 0.0000000000000000e+00
 0.0000000000000000e+00
 0.0000000000000000e+00
 0.0000000000000000e+00
 0.0000000000000000e+00
 0.0000000000000000e+00
 0.0000000000000000e+00
 0.0000000000000000e+00
 0.0000000000000000e+00
 0.0000000000000000e+00
 0.0000000000000000e+00
 0.0000000000000000e+00
 0.0000000000000000e+00
 0.0000000000000000e+00
 0.0000000000000000e+00
 0.0000000000000000e+00
 0.0000000000000000e+00
 0.0000000000000000e+00
 0.0000000000000000e+00
 0.0000000000000000e+00
 0.0000000000000000e+00
 0.0000000000000000e+00
 0.0000000000000000e+00
 0.0000000000000000e+00
 0.0000000000000000e+00
 0.0000000000000000e+00
 0.0000000000000000e+00
 0.0000000000000000e+00
 0.0000000000000000e+00
 0.0000000000000000e+00
 0.0000000000000000e+00
 0.0000000000000000e+00
 0.0000000000000000e+00
 0.0000000000000000e+00
 0.0000000000000000e+00
 0.0000000000000000e+00
 0.0000000000000000e+00
 0.0000000000000000e+00
 0.0000000000000000e+00
 0.0000000000000000e+00
 0.0000000000000000e+00
 0.0000000000000000e+00
 0.0000000000000000e+00
 0.0000000000000000e+00
 0.0000000000000000e+00
 0.0000000000000000e+00
 0.0000000000000000e+00
 0.0000000000000000e+00
 0.0000000000000000e+00
 0.0000000000000000e+00
 0.0000000000000000e+00
 0.0000000000000000e+00
 0.0000000000000000e+00
 0.0000000000000000e+00
 0.0000000000000000e+00
 0.0000000000000000e+00
 0.0000000000000000e+00
 0.0000000000000000e+00
 0.0000000000000000e+00
 0.0000000000000000e+00
 0.0000000000000000e+00
 0.0000000000000000e+00
 0.0000000000000000e+00
 0.0000000000000000e+00
 0.0000000000000000e+00
 0.0000000000000000e+00
 0.0000000000000000e+00
 0.0000000000000000e+00
 0.0000000000000000e+00
 0.0000000000000000e+00
 0.0000000000000000e+00
 0.0000000000000000e+00
 0.0000000000000000e+00
 0.0000000000000000e+00
 0.0000000000000000e+00
# name: Vect_Pd
# type: matrix
# rows: 100
# columns: 1
 9.9900000000000044e-01
 9.9900000000000044e-01
 9.9900000000000044e-01
 9.9900000000000044e-01
 9.9900000000000044e-01
 9.9900000000000044e-01
 9.9900000000000044e-01
 9.9900000000000044e-01
 9.9900000000000044e-01
 9.9900000000000044e-01
 9.9900000000000044e-01
 9.9900000000000044e-01
 9.9900000000000044e-01
 9.9800000000000044e-01
 9.9800000000000044e-01
 9.9500000000000044e-01
 9.9200000000000044e-01
 9.9100000000000044e-01
 9.8500000000000043e-01
 9.8200000000000043e-01
 9.7800000000000042e-01
 9.7300000000000042e-01
 9.6500000000000041e-01
 9.5400000000000040e-01
 9.4400000000000039e-01
 9.3100000000000038e-01
 9.2400000000000038e-01
 9.0100000000000036e-01
 8.8900000000000035e-01
 8.7600000000000033e-01
 8.5500000000000032e-01
 8.3300000000000030e-01
 8.1000000000000028e-01
 7.9400000000000026e-01
 7.6900000000000024e-01
 7.4400000000000022e-01
 7.1900000000000019e-01
 6.9300000000000017e-01
 6.5900000000000014e-01
 6.2900000000000011e-01
 6.0100000000000009e-01
 5.8100000000000007e-01
 5.4800000000000004e-01
 5.2500000000000002e-01
 5.0400000000000000e-01
 4.7399999999999998e-01
 4.5399999999999996e-01
 4.2299999999999999e-01
 3.8600000000000001e-01
 3.6599999999999999e-01
 3.2900000000000001e-01
 3.0800000000000000e-01
 2.9199999999999998e-01
 2.7199999999999996e-01
 2.4299999999999997e-01
 2.2499999999999998e-01
 2.0699999999999999e-01
 1.7599999999999999e-01
 1.5800000000000000e-01
 1.3800000000000001e-01
 1.2800000000000000e-01
 1.1499999999999999e-01
 1.0199999999999999e-01
 9.0999999999999998e-02
 7.5999999999999998e-02
 6.6000000000000003e-02
 5.1999999999999998e-02
 4.7000000000000000e-02
 4.2999999999999997e-02
 3.9000000000000000e-02
 3.3000000000000002e-02
 2.5999999999999999e-02
 2.3000000000000000e-02
 2.0000000000000000e-02
 1.5000000000000001e-02
 1.3000000000000001e-02
 1.0000000000000002e-02
 9.0000000000000011e-03
 9.0000000000000011e-03
 8.0000000000000002e-03
 7.0000000000000001e-03
 5.0000000000000001e-03
 3.0000000000000001e-03
 2.0000000000000000e-03
 2.0000000000000000e-03
 1.0000000000000000e-03
 1.0000000000000000e-03
 1.0000000000000000e-03
 1.0000000000000000e-03
 1.0000000000000000e-03
 1.0000000000000000e-03
 1.0000000000000000e-03
 1.0000000000000000e-03
 1.0000000000000000e-03
 0.0000000000000000e+00
 0.0000000000000000e+00
 0.0000000000000000e+00
 0.0000000000000000e+00
 0.0000000000000000e+00
 0.0000000000000000e+00
# name: AUC
# type: matrix
# rows: 1
# columns: 1
 9.9900000000000022e-01
